% Each line corresponds to an instance
% Column1: Bag ID
% Column2: Bag class label
% Column3: Instance ID
% Column4: Instance class label
% Column5->...: Attribute values of the instance (all attributes are numeric)
1 1 none 0 3 1 3 2 1 2 2 1 1
1 1 none 1 1 1 3 2 2 2 3 1 3
1 1 none 1 3 1 2 1 1 2 3 3 2
2 1 none 0 3 1 2 2 1 3 1 1 2
2 1 none 1 2 2 2 1 1 2 3 1 1
2 1 none 1 2 2 3 2 1 1 2 1 1
3 1 none 0 3 2 1 2 2 3 1 1 1
3 1 none 1 1 2 1 3 1 1 2 2 2
3 1 none 1 3 1 2 1 3 2 1 3 2
4 1 none 0 2 2 1 3 2 1 1 3 1
4 1 none 1 1 3 1 2 2 2 2 1 1
4 1 none 1 2 1 1 3 2 1 2 1 2
5 1 none 0 1 1 1 2 3 2 3 2 1
5 1 none 1 1 3 3 2 2 2 3 1 1
5 1 none 1 2 3 2 2 1 1 2 1 1
6 1 none 0 2 3 3 1 2 2 1 1 1
6 1 none 1 1 3 1 1 1 2 2 2 2
6 1 none 1 1 3 2 1 2 1 2 1 2
7 1 none 0 2 3 1 2 3 1 1 2 1
7 1 none 1 1 2 1 3 2 3 3 2 1
7 1 none 1 3 1 2 1 2 2 2 1 1
8 1 none 0 2 3 1 2 3 2 1 1 1
8 1 none 1 2 1 1 1 2 2 3 1 2
8 1 none 1 2 2 2 1 1 3 3 1 3
9 1 none 0 2 3 1 3 1 1 2 2 1
9 1 none 1 1 3 1 1 3 3 2 2 2
9 1 none 1 2 2 2 1 3 3 1 1 3
10 1 none 0 1 3 2 2 2 3 1 1 1
10 1 none 1 2 1 1 3 2 2 1 1 2
10 1 none 1 3 2 3 1 2 1 1 2 3
11 1 none 0 1 3 1 1 2 2 1 2 3
11 1 none 1 2 2 2 3 3 1 1 3 1
11 1 none 1 2 3 2 1 1 2 1 1 2
12 1 none 0 1 2 3 1 1 1 2 2 3
12 1 none 1 1 2 2 1 2 1 3 2 1
12 1 none 1 2 1 3 2 2 1 1 1 2
13 1 none 0 1 3 2 3 2 2 1 1 1
13 1 none 1 2 1 3 1 2 2 1 1 2
13 1 none 1 3 1 1 3 1 3 2 2 2
14 1 none 0 2 2 1 1 2 1 3 3 1
14 1 none 1 1 1 3 2 2 2 1 2 1
14 1 none 1 2 1 1 3 2 1 3 3 2
15 1 none 0 1 1 1 3 2 2 2 1 3
15 1 none 1 1 2 1 1 3 1 2 2 2
15 1 none 1 3 1 1 2 2 2 3 3 1
16 1 none 0 2 3 2 3 3 3 1 1 1
16 1 none 1 1 2 1 3 2 1 3 2 3
16 1 none 1 1 3 2 1 1 2 2 1 2
17 1 none 0 3 2 1 3 1 1 1 2 2
17 1 none 1 2 1 1 2 1 2 2 3 1
17 1 none 1 2 1 1 2 1 3 2 3 3
18 1 none 0 2 3 1 3 2 2 1 1 1
18 1 none 1 1 1 2 2 2 2 1 1 3
18 1 none 1 2 2 2 3 1 3 1 1 3
19 1 none 0 2 1 3 1 1 3 2 1 2
19 1 none 1 1 2 1 1 2 1 3 2 2
19 1 none 1 2 2 2 1 1 3 1 1 2
20 1 none 0 3 2 1 3 1 2 1 1 2
20 1 none 1 2 2 2 1 3 1 1 3 3
20 1 none 1 3 3 2 1 3 2 1 1 2
21 1 none 0 2 2 1 1 2 1 2 1 1
21 1 none 1 1 1 2 1 2 3 2 1 2
21 1 none 1 2 3 3 1 2 1 3 1 2
22 1 none 0 1 1 2 2 1 1 2 1 2
22 1 none 1 1 1 2 2 2 1 2 3 1
22 1 none 1 3 1 2 1 2 2 1 1 2
23 1 none 0 1 2 1 3 3 1 2 2 1
23 1 none 1 3 2 1 3 2 1 1 2 3
23 1 none 1 3 3 2 3 2 1 2 1 1
24 1 none 0 1 1 3 3 1 2 2 2 1
24 1 none 1 1 1 2 1 2 1 2 3 2
24 1 none 1 2 2 2 1 3 1 3 3 1
25 1 none 0 2 2 3 1 3 2 1 1 1
25 1 none 1 2 3 1 2 1 1 2 1 2
25 1 none 1 3 1 3 2 2 2 1 3 1
26 1 none 0 2 2 1 3 1 1 1 2 3
26 1 none 1 2 2 1 1 1 2 2 1 1
26 1 none 1 2 3 3 3 2 1 1 1 2
27 1 none 0 1 3 2 1 1 2 3 2 1
27 1 none 1 1 2 1 1 2 1 2 1 2
27 1 none 1 2 1 1 2 1 3 2 2 1
28 1 none 0 2 1 3 3 1 2 1 1 2
28 1 none 1 2 2 1 2 1 1 2 1 3
28 1 none 1 3 1 3 2 2 2 3 1 1
29 1 none 0 2 3 3 2 1 2 1 1 1
29 1 none 1 1 1 2 1 2 3 2 2 1
29 1 none 1 1 2 1 2 2 3 1 2 1
30 1 none 0 2 2 3 1 1 1 1 2 3
30 1 none 1 1 3 1 1 2 1 2 2 2
30 1 none 1 1 3 1 3 3 1 2 2 2
31 1 none 0 1 1 2 1 2 1 1 2 2
31 1 none 1 3 1 1 2 2 2 2 1 1
31 1 none 1 3 3 1 2 2 2 3 1 1
32 1 none 0 1 1 2 2 1 3 2 3 1
32 1 none 1 2 1 1 2 2 2 1 3 1
32 1 none 1 2 1 2 2 3 1 2 1 1
33 1 none 0 1 1 1 3 2 3 1 2 2
33 1 none 1 1 2 1 1 2 2 3 2 1
33 1 none 1 3 2 1 1 2 1 1 2 2
34 1 none 0 3 3 1 2 1 3 1 3 2
34 1 none 1 1 1 2 1 2 1 2 2 3
34 1 none 1 2 3 3 1 2 1 1 3 2
35 1 none 0 1 3 2 3 1 2 3 3 1
35 1 none 1 2 1 3 3 2 3 1 1 2
35 1 none 1 3 2 3 1 2 3 1 2 1
36 1 none 0 2 3 1 2 2 3 1 1 1
36 1 none 1 1 3 2 1 2 2 2 1 1
36 1 none 1 2 3 1 2 3 3 2 1 1
37 1 none 0 1 2 1 1 3 2 1 2 3
37 1 none 1 2 3 1 1 2 3 3 1 2
37 1 none 1 3 3 1 3 1 1 2 2 2
38 1 none 0 1 2 3 1 1 2 2 3 1
38 1 none 1 1 1 2 3 2 1 2 3 3
38 1 none 1 2 3 1 1 2 2 1 1 2
39 1 none 0 1 2 3 1 3 2 1 2 1
39 1 none 1 2 1 1 1 1 3 2 2 2
39 1 none 1 2 3 1 3 2 3 1 1 2
40 1 none 0 1 1 2 1 2 2 1 3 3
40 1 none 1 1 1 3 2 2 2 1 1 2
40 1 none 1 1 2 2 3 2 1 1 2 1
41 1 none 0 3 1 2 2 1 1 3 1 2
41 1 none 1 2 2 2 3 3 1 3 1 1
41 1 none 1 2 3 1 2 1 3 2 1 3
42 1 none 0 2 1 1 2 1 1 1 2 2
42 1 none 1 1 1 2 1 2 3 2 3 3
42 1 none 1 2 2 2 1 3 1 1 1 2
43 1 none 0 3 1 1 2 1 2 1 3 2
43 1 none 1 2 1 2 1 2 1 2 1 3
43 1 none 1 3 1 2 3 3 2 1 1 2
44 1 none 0 1 2 2 1 1 1 2 1 2
44 1 none 1 1 2 1 1 2 1 2 2 3
44 1 none 1 2 1 3 3 2 1 1 3 2
45 1 none 0 2 2 3 3 3 3 1 1 1
45 1 none 1 1 2 1 2 2 2 1 3 1
45 1 none 1 2 2 2 1 1 3 2 1 1
46 1 none 0 2 3 2 1 1 1 2 3 1
46 1 none 1 1 1 3 1 1 2 2 2 2
46 1 none 1 3 1 2 1 2 1 2 3 3
47 1 none 0 3 2 1 2 2 1 3 1 1
47 1 none 1 2 1 3 2 1 1 2 2 1
47 1 none 1 2 3 1 1 2 1 2 1 2
48 1 none 0 2 3 1 3 2 1 1 2 1
48 1 none 1 2 2 2 1 1 3 1 2 1
48 1 none 1 2 3 3 2 1 1 2 1 3
49 1 none 0 1 3 2 1 1 1 3 2 2
49 1 none 1 2 1 3 3 2 1 3 1 2
49 1 none 1 3 1 2 2 2 1 2 1 1
50 1 none 0 3 2 1 2 1 3 1 1 2
50 1 none 1 1 3 2 1 2 3 2 3 1
50 1 none 1 2 1 3 1 2 1 1 2 2
51 1 none 0 1 2 3 3 1 2 3 3 1
51 1 none 1 2 1 1 1 2 1 2 3 2
51 1 none 1 3 1 2 1 2 3 2 3 1
52 1 none 0 1 1 1 3 2 3 3 2 3
52 1 none 1 1 2 1 1 2 3 3 2 3
52 1 none 1 2 2 2 1 1 2 1 3 1
53 1 none 0 3 3 2 3 3 2 1 1 1
53 1 none 1 1 2 2 3 1 2 1 1 2
53 1 none 1 3 1 3 1 1 3 2 2 2
54 1 none 0 1 2 2 1 3 3 1 3 3
54 1 none 1 1 1 2 1 2 2 2 3 1
54 1 none 1 2 1 1 2 3 1 2 1 2
55 1 none 0 3 2 1 2 1 3 1 2 1
55 1 none 1 1 1 2 2 3 2 1 1 2
55 1 none 1 1 3 2 1 2 1 2 3 3
56 1 none 0 3 3 3 2 3 2 1 1 1
56 1 none 1 1 3 3 1 3 1 2 2 2
56 1 none 1 2 2 2 1 2 1 3 1 1
57 1 none 0 2 3 1 1 2 1 2 3 1
57 1 none 1 2 1 3 2 3 1 2 1 3
57 1 none 1 2 3 1 1 2 1 3 3 2
58 1 none 0 1 2 2 1 3 1 1 2 3
58 1 none 1 1 3 1 2 2 2 3 3 1
58 1 none 1 2 1 1 3 2 3 3 1 2
59 1 none 0 2 2 1 2 1 1 1 3 3
59 1 none 1 1 3 1 2 2 2 1 3 3
59 1 none 1 1 3 2 3 3 2 1 1 2
60 1 none 0 2 2 1 1 1 1 2 1 2
60 1 none 1 1 1 2 3 1 2 3 3 2
60 1 none 1 1 2 2 3 2 1 2 1 1
61 1 none 0 1 3 2 2 1 3 1 2 1
61 1 none 1 1 1 2 1 3 2 2 1 2
61 1 none 1 1 1 2 3 2 3 2 1 3
62 1 none 0 1 1 1 2 3 2 2 1 3
62 1 none 1 1 2 3 3 2 1 3 2 1
62 1 none 1 2 3 2 1 2 1 2 1 1
63 1 none 0 1 2 2 1 1 1 1 2 2
63 1 none 1 1 3 1 2 2 2 3 1 3
63 1 none 1 3 3 2 1 2 1 2 1 3
64 1 none 0 2 3 1 1 1 2 1 3 2
64 1 none 1 2 2 2 3 1 1 1 1 2
64 1 none 1 3 3 2 1 2 3 2 1 1
65 1 none 0 2 1 2 3 1 2 1 1 3
65 1 none 1 1 2 3 1 2 3 3 2 1
65 1 none 1 3 3 2 1 1 2 1 3 2
66 1 none 0 2 2 1 3 3 1 3 3 1
66 1 none 1 2 2 2 1 1 3 1 3 3
66 1 none 1 2 3 1 2 2 1 1 1 2
67 1 none 0 3 1 2 1 1 1 2 3 2
67 1 none 1 1 1 2 2 2 1 2 1 3
67 1 none 1 2 2 2 3 3 1 1 1 3
68 1 none 0 2 2 1 3 3 1 2 1 1
68 1 none 1 2 1 1 2 3 3 2 1 3
68 1 none 1 2 2 1 1 2 1 1 2 3
69 1 none 0 2 2 3 1 1 1 2 3 1
69 1 none 1 2 1 1 2 2 2 3 1 1
69 1 none 1 2 1 3 2 3 3 2 1 1
70 1 none 0 2 3 1 1 1 1 2 2 3
70 1 none 1 1 2 1 1 1 3 2 2 2
70 1 none 1 2 2 2 1 1 2 1 1 3
71 1 none 0 2 1 3 3 1 1 2 1 2
71 1 none 1 1 3 1 2 2 2 1 1 2
71 1 none 1 1 3 2 2 1 2 1 1 2
72 1 none 0 1 1 1 3 1 2 3 2 2
72 1 none 1 1 2 1 3 2 3 1 2 3
72 1 none 1 2 1 3 2 2 1 2 1 1
73 1 none 0 3 3 1 2 2 1 3 3 1
73 1 none 1 2 1 1 2 2 3 2 1 1
73 1 none 1 2 2 2 3 1 1 3 3 1
74 1 none 0 1 3 2 2 1 2 3 1 1
74 1 none 1 3 1 2 1 2 3 2 1 3
74 1 none 1 3 1 3 2 2 2 1 1 3
75 1 none 0 1 1 2 2 1 2 3 3 1
75 1 none 1 1 1 2 3 2 2 2 1 1
75 1 none 1 1 1 3 3 3 1 2 2 2
76 1 none 0 3 2 1 2 1 3 1 3 3
76 1 none 1 1 1 2 2 2 3 2 1 1
76 1 none 1 2 2 2 3 1 1 2 1 1
77 1 none 0 3 1 3 3 1 2 2 1 3
77 1 none 1 1 2 1 2 2 2 3 1 1
77 1 none 1 3 1 1 2 2 2 1 2 1
78 1 none 0 3 3 2 1 1 1 2 1 2
78 1 none 1 1 3 2 3 2 3 2 1 1
78 1 none 1 3 1 2 1 3 2 3 1 2
79 1 none 0 1 1 1 3 2 2 3 1 2
79 1 none 1 1 1 2 3 2 1 2 2 1
79 1 none 1 1 3 2 1 2 3 2 1 3
80 1 none 0 3 3 2 1 2 2 1 1 1
80 1 none 1 1 1 2 3 2 3 2 3 1
80 1 none 1 2 1 1 3 2 3 1 3 2
81 1 none 0 3 3 1 2 1 3 1 2 3
81 1 none 1 1 1 2 3 1 1 2 2 2
81 1 none 1 2 1 3 2 1 3 2 3 1
82 1 none 0 1 2 1 2 1 2 1 3 3
82 1 none 1 2 2 1 1 2 3 1 1 2
82 1 none 1 2 3 1 3 2 1 1 3 2
83 1 none 0 1 2 1 2 1 2 3 3 1
83 1 none 1 1 1 3 2 1 1 2 2 2
83 1 none 1 2 1 2 1 3 2 1 1 2
84 1 none 0 1 2 3 2 3 2 1 1 1
84 1 none 1 1 1 2 1 1 2 2 3 2
84 1 none 1 3 3 1 1 1 3 2 2 2
85 1 none 0 2 3 3 1 1 1 3 2 3
85 1 none 1 1 1 3 1 3 3 2 2 2
85 1 none 1 1 2 1 1 1 2 2 1 2
86 1 none 0 1 1 1 2 1 2 3 3 2
86 1 none 1 1 1 2 1 3 1 2 2 2
86 1 none 1 2 1 1 1 2 3 1 2 2
87 1 none 0 2 2 3 1 1 1 2 1 3
87 1 none 1 2 1 2 3 2 1 1 1 2
87 1 none 1 3 1 2 1 2 1 2 2 1
88 1 none 0 2 1 3 1 1 2 3 1 2
88 1 none 1 1 3 2 1 2 1 2 2 1
88 1 none 1 2 1 2 2 1 1 1 2 1
89 1 none 0 1 1 1 2 3 3 3 2 3
89 1 none 1 1 2 3 1 2 1 2 2 1
89 1 none 1 3 3 2 1 1 2 3 1 2
90 1 none 0 1 2 3 1 1 1 2 3 2
90 1 none 1 3 1 1 2 2 2 1 1 2
90 1 none 1 3 2 2 1 2 1 2 1 1
91 1 none 0 1 2 3 1 2 3 1 1 2
91 1 none 1 2 1 3 1 2 1 3 3 2
91 1 none 1 3 2 1 1 2 1 3 2 3
92 1 none 0 2 1 1 3 1 3 1 2 2
92 1 none 1 2 1 2 2 1 1 2 3 1
92 1 none 1 2 2 1 1 2 3 1 2 1
93 1 none 0 1 3 2 1 1 3 2 2 1
93 1 none 1 1 2 1 2 1 1 2 1 2
93 1 none 1 1 3 2 3 2 1 2 1 3
94 1 none 0 1 1 1 1 2 3 3 2 2
94 1 none 1 1 2 1 2 2 1 1 2 3
94 1 none 1 1 3 2 3 2 1 2 3 1
95 1 none 0 1 1 1 2 1 2 3 2 3
95 1 none 1 1 3 2 1 1 2 3 3 2
95 1 none 1 3 1 1 1 1 2 2 2 2
96 1 none 0 1 3 2 3 1 2 2 1 1
96 1 none 1 1 1 2 3 1 2 1 2 2
96 1 none 1 2 1 2 1 2 1 3 1 2
97 1 none 0 2 3 1 1 3 1 2 2 1
97 1 none 1 1 3 2 3 1 2 3 1 2
97 1 none 1 3 1 3 1 3 1 2 2 2
98 1 none 0 2 1 1 3 2 1 2 3 1
98 1 none 1 2 1 1 2 1 1 2 3 2
98 1 none 1 3 2 2 1 1 2 1 1 2
99 1 none 0 1 3 3 3 1 2 3 2 1
99 1 none 1 2 2 2 3 1 1 1 3 3
99 1 none 1 2 2 3 1 2 1 1 2 1
100 1 none 0 3 3 2 2 1 2 1 1 1
100 1 none 1 2 1 3 1 2 3 3 1 2
100 1 none 1 2 3 1 2 1 3 2 3 1
101 1 none 0 3 3 1 3 2 1 3 2 1
101 1 none 1 1 1 2 2 1 2 1 3 2
101 1 none 1 2 3 3 2 1 1 2 3 1
102 1 none 0 1 1 1 1 2 2 3 2 3
102 1 none 1 1 1 2 2 2 1 1 2 1
102 1 none 1 1 3 3 2 2 2 1 1 3
103 1 none 0 1 2 3 1 3 2 1 1 2
103 1 none 1 2 1 3 1 2 1 2 1 2
103 1 none 1 2 2 2 1 3 1 3 1 3
104 1 none 0 1 3 1 2 1 2 3 2 1
104 1 none 1 2 1 2 1 2 1 2 3 1
104 1 none 1 2 3 3 2 1 3 2 1 1
105 1 none 0 2 1 2 3 1 3 3 1 3
105 1 none 1 1 2 1 1 2 2 2 1 1
105 1 none 1 2 2 1 3 2 1 1 1 2
106 1 none 0 1 3 3 1 3 3 1 2 2
106 1 none 1 1 1 2 2 2 1 1 1 2
106 1 none 1 2 2 2 1 3 3 3 1 1
107 1 none 0 1 3 2 1 2 3 1 2 1
107 1 none 1 1 2 2 1 2 1 2 1 3
107 1 none 1 2 3 1 1 2 1 1 2 2
108 1 none 0 2 2 1 1 1 1 3 3 2
108 1 none 1 2 1 2 1 1 2 1 2 1
108 1 none 1 2 3 1 2 1 1 2 3 3
109 1 none 0 2 3 1 1 1 2 1 2 3
109 1 none 1 2 1 1 2 3 2 2 1 1
109 1 none 1 2 1 2 1 2 1 1 2 1
110 1 none 0 2 1 2 2 1 2 1 1 1
110 1 none 1 2 2 2 1 2 1 1 1 3
110 1 none 1 2 2 2 2 1 1 1 1 3
111 1 none 0 2 1 2 1 1 1 2 2 1
111 1 none 1 1 3 2 2 2 1 2 1 1
111 1 none 1 2 1 1 1 2 3 2 1 2
112 1 none 0 2 3 1 1 2 1 3 2 1
112 1 none 1 1 2 3 3 2 1 1 2 3
112 1 none 1 2 1 1 1 2 2 1 3 2
113 1 none 0 2 2 1 1 2 2 1 1 1
113 1 none 1 1 1 2 1 1 3 2 2 2
113 1 none 1 1 2 1 3 2 2 1 2 1
114 1 none 0 1 2 1 2 1 2 2 1 1
114 1 none 1 2 1 1 2 2 1 2 1 3
114 1 none 1 3 2 1 1 2 3 1 2 3
115 1 none 0 1 3 3 2 1 1 2 2 1
115 1 none 1 2 1 1 1 2 2 2 1 1
115 1 none 1 3 3 1 2 2 2 1 3 1
116 1 none 0 1 2 2 3 1 3 1 2 1
116 1 none 1 2 1 1 1 3 1 2 2 2
116 1 none 1 3 3 2 1 2 1 2 3 1
117 1 none 0 1 1 1 3 2 2 1 3 2
117 1 none 1 2 1 1 1 2 3 3 3 2
117 1 none 1 2 2 2 1 3 1 1 2 1
118 1 none 0 1 1 1 1 3 2 2 2 3
118 1 none 1 1 2 1 2 2 2 1 1 3
118 1 none 1 1 2 2 2 1 1 1 1 2
119 1 none 0 3 3 3 2 2 3 1 1 1
119 1 none 1 1 1 2 2 1 1 1 2 2
119 1 none 1 2 3 1 3 2 1 3 1 2
120 1 none 0 1 1 2 2 1 2 3 1 3
120 1 none 1 2 1 3 2 3 1 2 3 1
120 1 none 1 3 2 3 3 2 1 1 2 1
121 1 none 0 1 1 2 1 2 2 1 2 1
121 1 none 1 2 3 1 2 1 2 2 1 1
121 1 none 1 3 1 1 3 3 1 2 2 2
122 1 none 0 3 3 1 2 1 2 1 3 3
122 1 none 1 1 1 2 3 3 2 1 3 2
122 1 none 1 1 1 3 2 2 2 1 3 3
123 1 none 0 2 1 2 2 3 3 1 1 1
123 1 none 1 2 1 1 3 1 1 2 2 2
123 1 none 1 2 2 2 3 1 1 3 1 3
124 1 none 0 2 3 1 3 1 2 1 2 1
124 1 none 1 1 2 1 2 2 1 1 1 2
124 1 none 1 2 2 1 1 2 1 3 1 2
125 1 none 0 3 1 3 3 1 2 3 1 2
125 1 none 1 1 1 3 1 2 1 2 2 2
125 1 none 1 2 1 2 3 2 1 2 1 1
126 1 none 0 3 1 3 2 1 3 2 1 3
126 1 none 1 2 1 2 1 1 2 1 3 2
126 1 none 1 3 3 1 1 3 1 2 2 2
127 1 none 0 2 1 1 2 2 1 1 2 1
127 1 none 1 2 1 2 1 2 3 1 1 2
127 1 none 1 2 2 1 1 2 1 1 3 2
128 1 none 0 1 3 2 2 1 1 3 2 1
128 1 none 1 2 1 1 2 2 2 1 1 3
128 1 none 1 3 1 2 3 2 3 2 1 1
129 1 none 0 1 2 1 2 2 1 2 1 1
129 1 none 1 1 3 3 2 2 2 1 3 1
129 1 none 1 2 1 1 2 3 1 2 3 3
130 1 none 0 1 2 2 1 1 3 3 2 1
130 1 none 1 2 1 1 2 2 1 3 1 2
130 1 none 1 3 1 2 3 1 2 1 3 2
131 1 none 0 1 1 1 2 3 3 3 3 2
131 1 none 1 2 1 3 1 2 3 1 3 2
131 1 none 1 2 2 2 2 1 1 1 3 1
132 1 none 0 2 2 1 2 1 3 1 1 3
132 1 none 1 2 3 3 2 3 1 2 1 1
132 1 none 1 3 2 1 1 2 2 1 2 1
133 1 none 0 1 3 3 2 1 2 2 1 1
133 1 none 1 1 3 2 3 1 2 1 3 2
133 1 none 1 2 1 1 2 2 1 1 3 2
134 1 none 0 1 1 1 1 2 2 2 3 3
134 1 none 1 2 1 1 3 2 1 1 2 2
134 1 none 1 2 1 2 1 2 1 1 3 2
135 1 none 0 3 1 2 2 1 1 2 1 3
135 1 none 1 1 1 2 3 3 2 3 1 2
135 1 none 1 2 3 3 1 2 3 1 1 2
136 1 none 0 3 3 3 1 1 1 3 2 2
136 1 none 1 1 2 1 1 2 3 2 2 1
136 1 none 1 2 2 2 3 1 1 1 2 1
137 1 none 0 1 3 2 1 1 3 1 2 2
137 1 none 1 1 3 1 2 2 2 1 2 1
137 1 none 1 2 2 3 1 2 1 1 1 2
138 1 none 0 1 2 2 2 2 1 1 1 1
138 1 none 1 2 2 2 1 3 3 1 3 1
138 1 none 1 3 2 1 3 2 3 1 2 1
139 1 none 0 2 2 1 1 1 2 1 2 1
139 1 none 1 1 1 2 1 3 2 3 3 2
139 1 none 1 3 1 2 1 2 1 2 1 2
140 1 none 0 2 1 1 2 1 2 1 2 1
140 1 none 1 1 1 2 2 2 2 1 3 1
140 1 none 1 1 1 3 3 1 3 2 2 2
141 1 none 0 3 3 1 3 3 1 2 2 1
141 1 none 1 2 3 2 1 2 1 1 1 2
141 1 none 1 3 1 1 2 1 1 2 2 2
142 1 none 0 1 3 1 3 1 2 2 2 1
142 1 none 1 1 2 3 1 2 1 3 2 3
142 1 none 1 1 2 3 2 2 1 1 2 1
143 1 none 0 3 2 1 3 1 3 1 3 2
143 1 none 1 1 3 3 3 1 1 2 2 2
143 1 none 1 2 1 1 1 1 2 2 2 1
144 1 none 0 1 1 2 3 1 2 2 1 3
144 1 none 1 3 1 3 3 1 1 2 2 2
144 1 none 1 3 3 1 2 2 2 1 1 3
145 1 none 0 3 3 2 1 1 1 1 2 2
145 1 none 1 2 1 1 2 1 1 2 2 3
145 1 none 1 2 1 1 2 2 3 1 1 2
146 1 none 0 2 3 1 3 1 3 1 3 2
146 1 none 1 1 2 3 3 2 3 1 2 1
146 1 none 1 2 2 2 1 1 3 3 3 1
147 1 none 0 1 3 1 2 1 2 2 3 1
147 1 none 1 2 1 1 2 3 3 2 3 1
147 1 none 1 2 2 2 3 1 3 3 1 1
148 1 none 0 2 1 1 2 2 1 3 3 1
148 1 none 1 1 1 2 1 2 2 3 1 2
148 1 none 1 2 2 2 2 1 1 3 1 1
149 1 none 0 2 1 3 2 1 1 3 1 2
149 1 none 1 1 1 2 1 1 2 3 2 2
149 1 none 1 1 1 2 2 2 2 3 1 1
150 1 none 0 2 1 2 3 1 3 2 1 1
150 1 none 1 1 3 2 1 3 2 3 1 2
150 1 none 1 1 3 3 1 1 3 2 2 2
151 1 none 0 3 2 1 1 1 1 2 3 2
151 1 none 1 1 2 2 1 2 1 2 3 1
151 1 none 1 3 1 1 2 2 2 1 3 3
152 1 none 0 1 3 1 2 1 2 1 2 3
152 1 none 1 1 1 3 2 2 2 3 3 1
152 1 none 1 2 3 1 1 2 3 1 3 2
153 1 none 0 3 3 1 3 1 2 1 2 3
153 1 none 1 1 1 2 1 2 2 2 1 3
153 1 none 1 2 2 2 1 2 1 1 3 1
154 1 none 0 1 1 1 2 2 3 1 2 3
154 1 none 1 2 2 1 2 1 3 2 1 1
154 1 none 1 3 1 1 1 2 1 2 2 2
155 1 none 0 1 3 2 1 1 1 2 3 2
155 1 none 1 2 3 1 2 3 1 2 1 3
155 1 none 1 3 1 2 3 2 1 2 3 1
156 1 none 0 1 2 1 1 1 2 2 2 1
156 1 none 1 1 1 2 3 2 2 1 1 2
156 1 none 1 2 1 3 2 1 1 2 3 3
157 0 none 0 2 1 2 3 1 3 1 1 2
157 0 none 0 2 2 3 1 1 1 3 1 2
157 0 none 0 2 3 2 1 1 1 2 1 3
158 0 none 0 1 1 1 2 3 2 1 3 2
158 0 none 0 1 1 1 3 3 2 2 1 2
158 0 none 0 3 2 2 1 3 2 1 1 1
159 0 none 0 1 2 3 3 1 3 2 3 1
159 0 none 0 1 3 1 2 2 1 2 3 1
159 0 none 0 2 2 1 1 1 1 1 2 2
160 0 none 0 1 2 3 1 2 2 1 1 3
160 0 none 0 2 2 3 1 1 1 3 2 1
160 0 none 0 3 2 1 2 1 2 1 1 3
161 0 none 0 1 1 1 1 3 2 2 3 2
161 0 none 0 2 2 1 3 1 1 3 2 1
161 0 none 0 3 1 1 2 1 2 3 1 2
162 0 none 0 1 2 2 1 1 2 1 2 1
162 0 none 0 1 3 3 1 2 3 1 2 3
162 0 none 0 2 1 2 3 3 2 1 1 1
163 0 none 0 1 2 2 2 1 3 1 3 1
163 0 none 0 2 1 3 1 1 1 2 3 2
163 0 none 0 3 3 1 2 2 1 2 1 1
164 0 none 0 1 1 1 2 3 3 2 3 3
164 0 none 0 1 1 1 3 2 1 3 2 2
164 0 none 0 1 2 3 1 1 2 1 3 2
165 0 none 0 1 1 1 2 3 1 2 2 3
165 0 none 0 2 2 1 2 3 3 1 1 1
165 0 none 0 3 2 1 2 1 1 1 3 2
166 0 none 0 1 3 2 3 1 2 1 2 1
166 0 none 0 2 3 2 1 1 1 3 2 1
166 0 none 0 3 3 1 3 1 2 1 3 2
167 0 none 0 1 2 2 1 3 2 1 3 1
167 0 none 0 1 3 1 1 2 3 1 2 2
167 0 none 0 3 1 3 2 1 1 2 1 2
168 0 none 0 1 3 2 1 2 1 1 3 2
168 0 none 0 2 3 2 1 1 1 3 3 3
168 0 none 0 3 3 1 1 2 1 2 2 1
169 0 none 0 1 2 3 1 1 1 3 2 2
169 0 none 0 3 1 3 1 1 2 2 1 2
169 0 none 0 3 2 3 1 1 1 2 3 3
170 0 none 0 1 2 2 2 1 3 3 1 1
170 0 none 0 1 3 3 1 1 2 2 2 1
170 0 none 0 2 2 3 1 1 1 1 3 2
171 0 none 0 2 2 1 3 1 3 1 2 1
171 0 none 0 3 2 1 1 1 3 1 2 2
171 0 none 0 3 2 2 1 1 1 1 2 3
172 0 none 0 2 2 1 2 1 1 1 1 2
172 0 none 0 3 1 3 2 1 2 1 1 2
172 0 none 0 3 2 3 1 1 1 2 1 2
173 0 none 0 1 1 2 3 1 2 3 2 1
173 0 none 0 1 2 2 1 2 2 1 1 1
173 0 none 0 3 1 2 3 1 3 2 1 3
174 0 none 0 1 3 2 3 1 3 3 2 1
174 0 none 0 2 2 3 1 2 3 1 1 1
174 0 none 0 3 3 3 1 1 1 2 3 2
175 0 none 0 1 1 1 3 1 2 2 3 2
175 0 none 0 1 2 1 1 2 2 1 1 2
175 0 none 0 3 1 1 2 2 1 2 3 1
176 0 none 0 1 2 2 3 3 2 1 1 1
176 0 none 0 1 3 3 1 2 3 1 3 2
176 0 none 0 2 3 3 1 1 1 1 2 2
177 0 none 0 1 1 1 1 2 3 2 2 3
177 0 none 0 1 1 1 3 3 2 1 2 2
177 0 none 0 2 3 1 3 1 3 1 2 3
178 0 none 0 1 1 1 2 2 1 1 2 2
178 0 none 0 1 1 2 2 1 3 3 2 1
178 0 none 0 1 2 1 3 1 2 1 2 3
179 0 none 0 1 1 3 2 1 3 2 1 2
179 0 none 0 3 1 2 1 1 3 2 1 2
179 0 none 0 3 2 1 3 2 1 3 3 1
180 0 none 0 1 2 3 1 2 1 1 3 2
180 0 none 0 2 2 1 3 3 2 1 1 1
180 0 none 0 3 3 2 2 3 3 1 1 1
181 0 none 0 2 3 1 3 1 2 1 3 3
181 0 none 0 3 1 2 3 1 1 2 1 2
181 0 none 0 3 2 1 3 1 2 1 2 1
182 0 none 0 2 2 1 2 1 2 1 1 1
182 0 none 0 2 3 2 2 1 3 1 1 1
182 0 none 0 3 3 1 3 1 3 1 2 2
183 0 none 0 1 2 2 2 1 1 2 1 1
183 0 none 0 1 3 1 1 3 2 1 2 2
183 0 none 0 3 3 1 1 1 2 1 2 2
184 0 none 0 1 1 2 2 1 2 1 2 1
184 0 none 0 1 1 3 2 1 2 3 1 2
184 0 none 0 1 2 2 1 1 1 2 3 3
185 0 none 0 1 1 1 2 2 1 2 3 3
185 0 none 0 1 1 2 1 3 3 1 2 2
185 0 none 0 2 3 2 1 1 1 3 1 2
186 0 none 0 1 1 1 3 3 2 2 2 1
186 0 none 0 3 2 1 2 1 2 1 3 1
186 0 none 0 3 2 2 3 3 3 1 1 1
187 0 none 0 1 1 1 2 2 3 2 3 1
187 0 none 0 3 2 1 2 1 1 3 2 1
187 0 none 0 3 3 3 3 2 2 1 1 1
188 0 none 0 1 1 1 2 1 2 1 2 2
188 0 none 0 1 3 2 1 1 2 2 3 1
188 0 none 0 2 3 3 2 3 3 1 1 1
189 0 none 0 2 1 2 3 1 2 3 1 1
189 0 none 0 2 1 3 2 1 3 3 1 3
189 0 none 0 2 2 1 1 1 3 1 2 3
190 0 none 0 1 1 1 3 3 3 3 2 2
190 0 none 0 2 1 3 2 1 3 1 1 2
190 0 none 0 2 2 1 3 2 1 3 1 1
191 0 none 0 3 1 2 1 1 2 2 1 3
191 0 none 0 3 2 2 3 2 1 1 1 1
191 0 none 0 3 2 3 2 1 2 1 1 1
192 0 none 0 1 1 2 2 1 1 2 2 1
192 0 none 0 2 1 1 3 1 2 1 3 2
192 0 none 0 3 1 1 2 2 1 3 2 1
193 0 none 0 1 2 3 2 1 2 1 3 1
193 0 none 0 2 1 1 3 1 2 3 1 2
193 0 none 0 3 2 1 1 1 2 1 2 3
194 0 none 0 2 1 1 2 3 1 3 2 1
194 0 none 0 2 3 1 3 3 1 3 2 1
194 0 none 0 3 1 3 2 1 2 3 1 3
195 0 none 0 1 1 1 3 3 2 3 3 2
195 0 none 0 2 1 3 2 3 2 1 1 1
195 0 none 0 3 1 1 2 1 3 1 2 2
196 0 none 0 1 2 3 1 1 2 1 2 3
196 0 none 0 2 3 2 1 3 2 1 1 1
196 0 none 0 3 2 1 3 1 3 1 2 3
197 0 none 0 1 1 1 2 1 2 2 3 3
197 0 none 0 1 2 3 3 1 2 2 1 1
197 0 none 0 1 3 1 2 3 1 2 2 1
198 0 none 0 1 2 1 3 1 2 3 2 1
198 0 none 0 2 3 1 1 1 1 3 2 2
198 0 none 0 3 2 2 2 3 1 1 1 1
199 0 none 0 1 2 1 2 2 1 3 3 1
199 0 none 0 1 2 2 2 1 2 1 1 1
199 0 none 0 1 2 2 2 3 3 1 1 1
200 0 none 0 1 1 1 2 3 3 2 2 1
200 0 none 0 1 1 2 3 1 3 2 2 1
200 0 none 0 1 2 2 3 2 3 1 1 1
201 0 none 0 1 1 2 1 2 3 1 3 2
201 0 none 0 2 2 3 2 1 3 1 1 1
201 0 none 0 3 2 1 3 1 1 2 2 1
202 0 none 0 1 1 1 3 2 2 3 3 3
202 0 none 0 2 1 2 2 1 3 1 1 3
202 0 none 0 3 1 2 1 1 1 2 2 3
203 0 none 0 1 2 2 2 1 1 1 2 1
203 0 none 0 3 1 1 3 2 1 2 2 1
203 0 none 0 3 2 3 2 3 3 1 1 1
204 0 none 0 1 2 1 2 3 1 3 2 1
204 0 none 0 1 2 3 2 2 3 1 1 1
204 0 none 0 2 3 2 2 3 1 1 1 1
205 0 none 0 1 3 2 3 1 3 2 3 1
205 0 none 0 1 3 3 1 3 2 1 3 2
205 0 none 0 2 2 3 3 1 2 1 1 1
206 0 none 0 1 1 1 2 3 3 2 1 2
206 0 none 0 2 3 1 2 1 3 1 1 2
206 0 none 0 2 3 3 1 1 1 2 1 2
207 0 none 0 1 1 1 2 1 3 3 2 2
207 0 none 0 1 1 1 2 2 3 2 1 3
207 0 none 0 1 2 3 2 1 3 2 1 1
208 0 none 0 1 1 1 3 2 2 1 2 3
208 0 none 0 2 2 3 1 1 1 3 3 3
208 0 none 0 3 3 1 3 2 1 2 3 1
209 0 none 0 1 1 3 2 1 2 2 3 1
209 0 none 0 1 3 2 1 3 3 1 3 2
209 0 none 0 2 3 3 2 2 1 1 1 1
210 0 none 0 1 1 1 2 2 1 3 3 2
210 0 none 0 1 3 3 1 1 2 1 2 2
210 0 none 0 3 3 1 2 3 1 2 3 1
211 0 none 0 1 1 1 2 2 3 3 1 2
211 0 none 0 1 1 2 3 1 2 2 3 1
211 0 none 0 2 1 2 3 1 1 2 1 3
212 0 none 0 1 2 2 1 1 1 2 2 1
212 0 none 0 1 2 2 1 3 3 1 2 1
212 0 none 0 3 3 1 2 1 1 2 2 1
213 0 none 0 1 1 1 2 2 1 2 1 2
213 0 none 0 3 1 1 2 1 3 2 1 2
213 0 none 0 3 3 2 2 2 1 1 1 1
214 0 none 0 1 2 2 3 1 2 1 3 1
214 0 none 0 1 3 1 3 2 1 2 2 1
214 0 none 0 3 3 1 2 1 1 1 2 2
215 0 none 0 1 1 1 2 3 2 1 2 3
215 0 none 0 1 2 2 1 1 3 1 3 2
215 0 none 0 2 1 2 3 1 1 3 1 2
216 0 none 0 1 1 1 1 2 2 1 2 2
216 0 none 0 1 1 1 2 3 1 3 2 2
216 0 none 0 2 1 1 2 1 2 3 1 3
217 0 none 0 1 1 1 1 3 2 3 2 2
217 0 none 0 1 2 1 1 3 2 1 3 2
217 0 none 0 2 1 2 1 1 1 2 1 2
218 0 none 0 1 2 2 1 2 1 1 1 2
218 0 none 0 1 3 2 3 1 1 2 2 1
218 0 none 0 3 1 2 3 1 3 3 1 2
219 0 none 0 1 1 2 2 1 3 3 1 2
219 0 none 0 2 1 3 2 2 3 1 1 1
219 0 none 0 3 1 2 3 1 2 2 1 1
220 0 none 0 2 1 2 2 1 1 3 1 3
220 0 none 0 2 3 2 3 1 2 1 1 1
220 0 none 0 3 1 2 2 2 3 1 1 1
221 0 none 0 2 1 1 3 1 2 1 2 3
221 0 none 0 3 1 3 3 1 3 2 1 2
221 0 none 0 3 2 2 1 2 3 1 1 1
222 0 none 0 1 1 1 3 3 2 2 3 3
222 0 none 0 1 3 2 1 3 3 1 2 3
222 0 none 0 3 1 2 2 3 2 1 1 1
223 0 none 0 1 3 3 2 1 2 3 3 1
223 0 none 0 2 1 1 1 2 1 2 2 1
223 0 none 0 2 2 1 2 3 1 3 1 1
224 0 none 0 1 2 2 1 2 3 1 3 1
224 0 none 0 1 2 2 3 1 2 3 1 1
224 0 none 0 2 2 1 3 1 2 1 3 1
225 0 none 0 1 2 2 1 1 3 2 3 1
225 0 none 0 2 3 3 1 1 1 2 2 1
225 0 none 0 3 2 3 3 2 3 1 1 1
226 0 none 0 1 1 3 1 3 2 1 2 2
226 0 none 0 2 1 2 1 1 1 3 2 3
226 0 none 0 2 3 1 2 1 2 1 1 3
227 0 none 0 1 1 1 3 2 1 2 2 3
227 0 none 0 1 1 3 2 1 2 2 1 3
227 0 none 0 3 1 1 2 3 1 2 2 1
228 0 none 0 1 3 2 1 2 3 1 3 3
228 0 none 0 2 2 1 1 1 2 1 1 2
228 0 none 0 3 3 2 1 1 1 3 2 3
229 0 none 0 1 1 1 2 2 1 2 2 1
229 0 none 0 1 1 2 2 1 3 2 1 3
229 0 none 0 2 2 1 3 1 1 1 3 2
230 0 none 0 1 2 2 1 1 2 2 1 1
230 0 none 0 2 1 2 2 1 3 3 1 1
230 0 none 0 3 2 3 2 2 1 1 1 1
231 0 none 0 1 1 3 1 2 3 1 2 2
231 0 none 0 3 2 1 2 2 1 1 3 1
231 0 none 0 3 2 3 1 1 1 3 2 3
232 0 none 0 1 3 3 1 3 2 1 2 3
232 0 none 0 2 1 3 3 1 2 2 1 1
232 0 none 0 3 3 2 1 1 1 3 3 2
233 0 none 0 1 2 1 2 1 2 1 2 1
233 0 none 0 2 3 3 1 1 1 3 3 2
233 0 none 0 3 1 2 3 2 2 1 1 1
234 0 none 0 2 1 1 1 1 2 1 2 2
234 0 none 0 2 2 1 1 3 1 3 2 1
234 0 none 0 2 3 1 3 3 1 2 3 1
235 0 none 0 2 1 3 1 1 1 2 2 3
235 0 none 0 2 3 1 2 3 1 3 3 1
235 0 none 0 2 3 2 1 1 1 1 3 2
236 0 none 0 1 2 3 3 2 2 1 1 1
236 0 none 0 3 1 1 3 1 2 2 1 2
236 0 none 0 3 1 2 2 1 3 2 1 1
237 0 none 0 1 2 3 2 1 3 1 2 1
237 0 none 0 2 2 1 1 1 2 1 3 3
237 0 none 0 3 1 2 2 1 3 3 1 3
238 0 none 0 1 2 2 1 3 2 1 1 3
238 0 none 0 1 3 1 2 2 1 3 2 1
238 0 none 0 2 3 1 3 2 1 2 1 1
239 0 none 0 1 1 1 2 1 2 2 2 1
239 0 none 0 1 3 2 1 2 2 1 1 3
239 0 none 0 2 1 3 2 1 2 3 1 1
240 0 none 0 1 1 3 2 1 3 2 2 1
240 0 none 0 2 1 2 1 1 1 1 2 2
240 0 none 0 2 1 2 2 2 1 1 1 1
241 0 none 0 1 2 2 1 1 2 1 3 3
241 0 none 0 1 2 2 1 2 3 1 1 3
241 0 none 0 1 2 3 1 3 1 1 2 2
242 0 none 0 1 2 2 3 1 3 3 3 1
242 0 none 0 1 3 2 1 2 2 1 3 1
242 0 none 0 2 1 2 1 1 1 2 3 3
243 0 none 0 2 1 1 3 3 1 2 2 1
243 0 none 0 2 1 3 3 1 3 2 1 3
243 0 none 0 2 2 1 3 2 3 1 1 1
244 0 none 0 1 1 1 3 2 3 2 2 1
244 0 none 0 1 2 3 1 3 3 1 2 3
244 0 none 0 1 3 1 1 2 2 1 3 2
245 0 none 0 1 3 1 2 1 3 1 2 2
245 0 none 0 2 1 2 1 2 2 1 1 1
245 0 none 0 2 1 3 3 1 2 3 1 3
246 0 none 0 1 2 1 3 1 2 2 3 1
246 0 none 0 2 1 2 2 1 1 1 1 2
246 0 none 0 2 1 3 3 2 2 1 1 1
247 0 none 0 1 2 3 1 1 3 1 2 2
247 0 none 0 3 2 1 2 3 2 1 1 1
247 0 none 0 3 2 2 1 1 1 1 3 2
248 0 none 0 1 2 3 1 3 3 1 3 2
248 0 none 0 2 2 1 1 1 1 2 3 3
248 0 none 0 2 3 2 1 1 1 1 2 3
249 0 none 0 1 1 3 1 2 2 1 2 3
249 0 none 0 1 2 1 1 2 3 1 3 2
249 0 none 0 1 2 1 1 3 3 1 2 2
250 0 none 0 1 1 1 1 2 2 2 2 1
250 0 none 0 1 1 1 3 3 3 2 3 2
250 0 none 0 2 3 1 1 1 1 2 3 2
251 0 none 0 1 1 1 3 2 2 3 2 1
251 0 none 0 1 2 1 2 1 3 1 3 2
251 0 none 0 2 3 2 1 2 3 1 1 1
252 0 none 0 1 3 3 2 1 3 3 2 1
252 0 none 0 2 1 1 2 1 3 3 1 2
252 0 none 0 2 1 2 1 1 3 3 1 2
253 0 none 0 1 2 1 2 1 1 2 2 1
253 0 none 0 2 1 1 3 1 2 2 1 3
253 0 none 0 3 2 3 1 1 1 1 2 2
254 0 none 0 1 2 1 2 1 1 1 2 2
254 0 none 0 1 2 3 1 2 2 1 3 1
254 0 none 0 3 1 1 3 1 2 1 2 2
255 0 none 0 1 1 1 3 2 1 2 3 2
255 0 none 0 2 1 1 3 2 1 3 2 1
255 0 none 0 2 1 2 1 1 2 2 1 1
256 0 none 0 1 2 2 2 1 1 3 3 1
256 0 none 0 1 3 2 1 1 1 2 2 3
256 0 none 0 2 2 1 2 1 1 3 3 1
257 0 none 0 1 3 1 2 1 3 2 2 1
257 0 none 0 1 3 2 2 1 3 2 1 1
257 0 none 0 2 1 1 2 1 2 1 3 3
258 0 none 0 1 1 1 2 2 3 3 2 1
258 0 none 0 1 1 1 2 3 2 2 3 1
258 0 none 0 2 3 1 3 1 2 1 1 2
259 0 none 0 1 2 1 3 1 3 2 2 1
259 0 none 0 2 2 1 3 1 1 2 3 1
259 0 none 0 2 2 1 3 1 3 1 1 2
260 0 none 0 1 2 3 2 1 3 3 3 1
260 0 none 0 2 1 3 1 1 1 3 2 2
260 0 none 0 3 2 3 3 3 2 1 1 1
261 0 none 0 1 2 2 3 1 1 3 2 1
261 0 none 0 2 1 2 1 1 1 3 3 2
261 0 none 0 2 3 1 1 1 3 1 2 2
262 0 none 0 1 1 1 2 3 1 2 3 2
262 0 none 0 1 2 2 1 2 1 1 3 3
262 0 none 0 3 2 1 2 1 1 2 3 1
263 0 none 0 1 2 2 1 1 1 3 2 3
263 0 none 0 2 1 1 2 1 3 1 2 3
263 0 none 0 3 3 1 2 3 1 3 2 1
264 0 none 0 1 2 2 1 1 2 3 3 1
264 0 none 0 2 3 1 2 1 3 1 3 3
264 0 none 0 3 1 1 2 1 2 2 1 3
265 0 none 0 1 2 1 2 1 3 3 2 1
265 0 none 0 1 2 2 3 1 1 2 3 1
265 0 none 0 2 3 1 2 1 1 1 3 2
266 0 none 0 1 1 3 3 1 2 2 1 2
266 0 none 0 1 2 1 3 1 2 1 3 2
266 0 none 0 1 3 3 1 2 2 1 3 3
267 0 none 0 1 2 1 2 1 3 2 3 1
267 0 none 0 1 2 3 2 1 1 2 3 1
267 0 none 0 1 3 3 1 2 1 1 2 2
268 0 none 0 1 2 2 1 3 1 1 3 2
268 0 none 0 2 3 1 2 1 2 1 3 1
268 0 none 0 3 2 1 3 1 2 1 3 3
269 0 none 0 1 3 2 1 2 3 1 1 2
269 0 none 0 2 1 3 2 1 2 1 1 3
269 0 none 0 2 2 1 2 3 1 1 3 1
270 0 none 0 1 1 3 1 2 2 1 3 2
270 0 none 0 1 3 3 2 1 3 2 3 1
270 0 none 0 3 3 1 2 1 2 1 2 1
271 0 none 0 1 2 1 2 1 3 1 2 3
271 0 none 0 1 2 1 3 2 1 2 3 1
271 0 none 0 1 2 2 1 1 1 3 3 2
272 0 none 0 1 3 2 1 2 1 1 2 3
272 0 none 0 3 2 1 1 1 2 1 3 2
272 0 none 0 3 3 2 3 2 3 1 1 1
273 0 none 0 1 1 1 2 2 3 3 3 3
273 0 none 0 3 1 3 2 1 3 3 1 2
273 0 none 0 3 2 1 2 3 1 2 1 1
274 0 none 0 1 1 1 3 1 2 2 2 3
274 0 none 0 1 2 3 2 1 2 3 1 1
274 0 none 0 1 2 3 3 1 3 3 2 1
275 0 none 0 2 3 1 2 2 1 1 3 1
275 0 none 0 2 3 3 1 1 1 2 3 3
275 0 none 0 3 2 2 3 1 2 1 1 1
276 0 none 0 1 1 2 1 3 2 1 2 3
276 0 none 0 1 2 3 1 3 2 1 3 3
276 0 none 0 2 2 1 2 2 1 1 1 1
277 0 none 0 1 3 3 3 1 3 2 2 1
277 0 none 0 3 2 1 3 2 2 1 1 1
277 0 none 0 3 2 2 2 1 3 1 1 1
278 0 none 0 1 1 1 2 1 2 2 1 2
278 0 none 0 1 1 1 2 3 3 1 2 2
278 0 none 0 1 3 2 2 3 2 1 1 1
279 0 none 0 1 1 1 2 1 3 2 2 3
279 0 none 0 1 3 2 1 1 2 1 2 3
279 0 none 0 2 3 1 2 2 1 3 1 1
280 0 none 0 1 1 1 3 3 2 3 2 3
280 0 none 0 1 1 1 3 3 3 2 2 3
280 0 none 0 1 3 2 1 3 2 1 3 3
281 0 none 0 1 2 1 1 1 2 1 2 2
281 0 none 0 2 1 2 1 1 2 3 1 3
281 0 none 0 2 2 1 1 1 3 1 3 2
282 0 none 0 1 3 3 2 1 2 1 2 1
282 0 none 0 2 1 1 2 1 3 1 3 2
282 0 none 0 3 3 2 1 1 1 2 3 3
283 0 none 0 1 2 1 2 3 1 2 3 1
283 0 none 0 2 3 1 2 1 1 1 2 3
283 0 none 0 2 3 3 3 3 2 1 1 1
284 0 none 0 1 2 1 2 1 2 1 1 2
284 0 none 0 3 2 1 2 3 1 1 2 1
284 0 none 0 3 2 1 3 2 1 2 1 1
285 0 none 0 1 1 2 1 1 2 2 2 1
285 0 none 0 1 2 3 1 1 2 3 2 1
285 0 none 0 1 2 3 3 1 2 1 2 1
286 0 none 0 1 1 1 1 2 3 2 3 2
286 0 none 0 1 2 1 3 1 3 1 2 2
286 0 none 0 1 2 3 2 1 1 3 2 1
287 0 none 0 1 1 1 2 1 3 2 3 2
287 0 none 0 2 2 1 3 1 3 1 3 3
287 0 none 0 3 2 1 3 3 1 3 2 1
288 0 none 0 1 1 1 1 2 2 2 1 2
288 0 none 0 1 1 3 2 1 2 3 2 1
288 0 none 0 2 2 3 2 3 1 1 1 1
289 0 none 0 1 1 1 3 2 3 2 3 3
289 0 none 0 1 1 2 3 1 3 2 1 2
289 0 none 0 2 2 1 2 1 1 1 2 1
290 0 none 0 1 1 1 2 3 2 3 3 3
290 0 none 0 1 3 2 2 1 1 2 3 1
290 0 none 0 3 2 1 2 3 1 3 3 1
291 0 none 0 1 1 1 1 2 2 3 3 2
291 0 none 0 1 3 1 2 1 2 1 3 2
291 0 none 0 3 2 1 1 1 1 2 2 3
292 0 none 0 1 2 3 1 1 3 2 2 1
292 0 none 0 2 2 1 3 1 2 1 1 3
292 0 none 0 3 2 1 1 3 1 2 2 1
293 0 none 0 1 3 2 1 3 1 1 2 2
293 0 none 0 2 1 3 3 1 3 3 1 2
293 0 none 0 2 3 1 3 1 1 1 2 2
294 0 none 0 1 2 2 3 1 3 2 1 1
294 0 none 0 1 3 1 3 1 2 1 2 2
294 0 none 0 1 3 3 1 2 2 1 2 1
295 0 none 0 1 1 1 2 2 3 1 3 2
295 0 none 0 1 2 2 1 3 3 1 1 2
295 0 none 0 2 1 1 1 1 2 2 1 2
296 0 none 0 2 3 3 3 2 3 1 1 1
296 0 none 0 3 2 2 1 1 1 2 1 3
296 0 none 0 3 2 2 1 1 1 3 2 1
297 0 none 0 2 2 1 1 1 1 3 2 3
297 0 none 0 3 1 2 1 1 1 3 2 2
297 0 none 0 3 2 2 1 1 1 3 3 3
298 0 none 0 2 2 1 3 3 1 1 2 1
298 0 none 0 3 2 1 1 2 1 2 3 1
298 0 none 0 3 2 2 1 1 1 3 1 2
299 0 none 0 1 2 2 1 1 3 1 2 3
299 0 none 0 2 3 1 2 1 3 1 2 1
299 0 none 0 3 1 2 2 1 2 1 1 3
300 0 none 0 1 1 2 2 1 2 2 1 1
300 0 none 0 1 3 2 2 1 3 3 3 1
300 0 none 0 3 2 1 2 1 1 1 2 3
301 0 none 0 1 1 1 3 2 3 2 1 2
301 0 none 0 2 2 1 1 3 1 2 3 1
301 0 none 0 3 1 1 2 1 2 1 2 3
302 0 none 0 1 1 1 2 2 1 3 2 3
302 0 none 0 1 2 3 3 1 1 2 2 1
302 0 none 0 2 2 3 3 2 1 1 1 1
303 0 none 0 1 3 2 2 1 2 1 3 1
303 0 none 0 2 1 3 1 1 2 2 1 3
303 0 none 0 3 2 1 3 3 1 2 3 1
304 0 none 0 1 1 2 1 2 3 1 2 3
304 0 none 0 1 3 3 1 2 2 1 1 2
304 0 none 0 3 3 3 1 1 1 2 2 3
305 0 none 0 1 1 1 2 3 2 3 1 2
305 0 none 0 2 2 1 1 1 1 2 2 1
305 0 none 0 3 3 2 1 1 1 2 2 1
306 0 none 0 1 2 1 1 2 2 1 3 3
306 0 none 0 2 2 1 2 1 3 1 3 1
306 0 none 0 3 1 2 3 1 2 3 1 3
307 0 none 0 1 2 3 1 2 3 1 3 3
307 0 none 0 2 1 2 1 1 3 2 1 3
307 0 none 0 2 3 2 3 2 1 1 1 1
308 0 none 0 1 3 2 1 3 2 1 2 1
308 0 none 0 3 2 3 1 1 1 3 3 2
308 0 none 0 3 2 3 1 2 2 1 1 1
309 0 none 0 2 1 1 3 1 3 2 1 2
309 0 none 0 2 3 1 3 2 1 3 3 1
309 0 none 0 3 3 1 2 2 1 1 2 1
310 0 none 0 1 3 3 3 1 2 2 3 1
310 0 none 0 2 1 1 2 1 2 1 1 2
310 0 none 0 3 2 1 1 1 1 3 2 2
311 0 none 0 1 1 1 3 2 3 3 3 2
311 0 none 0 2 1 2 3 2 3 1 1 1
311 0 none 0 2 3 1 2 1 1 3 2 1
312 0 none 0 3 1 2 2 1 2 3 1 1
312 0 none 0 3 2 2 1 1 1 2 3 1
312 0 none 0 3 2 3 1 1 1 2 2 1
