% Each line corresponds to an instance
% Column1: Bag ID
% Column2: Bag class label
% Column3: Instance ID
% Column4: Instance class label
% Column5->...: Attribute values of the instance (all attributes are numeric)
1 1 none 0 3 1 2 2 1 3 1 1 2
1 1 none 0 3 1 3 2 1 2 2 1 1
1 1 none 1 1 1 3 2 2 2 3 1 3
2 1 none 0 2 2 1 3 2 1 1 3 1
2 1 none 0 3 2 1 2 2 3 1 1 1
2 1 none 1 3 1 2 1 1 2 3 3 2
3 1 none 0 1 1 1 2 3 2 3 2 1
3 1 none 0 2 3 3 1 2 2 1 1 1
3 1 none 1 2 2 3 2 1 1 2 1 1
4 1 none 0 2 3 1 2 3 1 1 2 1
4 1 none 0 2 3 1 2 3 2 1 1 1
4 1 none 1 2 2 2 1 1 2 3 1 1
5 1 none 0 1 3 2 2 2 3 1 1 1
5 1 none 0 2 3 1 3 1 1 2 2 1
5 1 none 1 3 1 2 1 3 2 1 3 2
6 1 none 0 1 2 3 1 1 1 2 2 3
6 1 none 0 1 3 1 1 2 2 1 2 3
6 1 none 1 1 2 1 3 1 1 2 2 2
7 1 none 0 1 3 2 3 2 2 1 1 1
7 1 none 0 2 2 1 1 2 1 3 3 1
7 1 none 1 1 3 1 2 2 2 2 1 1
8 1 none 0 1 1 1 3 2 2 2 1 3
8 1 none 0 2 3 2 3 3 3 1 1 1
8 1 none 1 2 1 1 3 2 1 2 1 2
9 1 none 0 2 3 1 3 2 2 1 1 1
9 1 none 0 3 2 1 3 1 1 1 2 2
9 1 none 1 1 3 3 2 2 2 3 1 1
10 1 none 0 2 1 3 1 1 3 2 1 2
10 1 none 0 3 2 1 3 1 2 1 1 2
10 1 none 1 2 3 2 2 1 1 2 1 1
11 1 none 0 1 1 2 2 1 1 2 1 2
11 1 none 0 2 2 1 1 2 1 2 1 1
11 1 none 1 1 3 1 1 1 2 2 2 2
12 1 none 0 1 1 3 3 1 2 2 2 1
12 1 none 0 1 2 1 3 3 1 2 2 1
12 1 none 1 1 3 2 1 2 1 2 1 2
13 1 none 0 2 2 1 3 1 1 1 2 3
13 1 none 0 2 2 3 1 3 2 1 1 1
13 1 none 1 1 2 1 3 2 3 3 2 1
14 1 none 0 1 3 2 1 1 2 3 2 1
14 1 none 0 2 1 3 3 1 2 1 1 2
14 1 none 1 3 1 2 1 2 2 2 1 1
15 1 none 0 2 2 3 1 1 1 1 2 3
15 1 none 0 2 3 3 2 1 2 1 1 1
15 1 none 1 2 1 1 1 2 2 3 1 2
16 1 none 0 1 1 2 1 2 1 1 2 2
16 1 none 0 1 1 2 2 1 3 2 3 1
16 1 none 1 2 2 2 1 1 3 3 1 3
17 1 none 0 1 1 1 3 2 3 1 2 2
17 1 none 0 3 3 1 2 1 3 1 3 2
17 1 none 1 2 2 2 1 3 3 1 1 3
18 1 none 0 1 3 2 3 1 2 3 3 1
18 1 none 0 2 3 1 2 2 3 1 1 1
18 1 none 1 1 3 1 1 3 3 2 2 2
19 1 none 0 1 2 1 1 3 2 1 2 3
19 1 none 0 1 2 3 1 1 2 2 3 1
19 1 none 1 3 2 3 1 2 1 1 2 3
20 1 none 0 1 1 2 1 2 2 1 3 3
20 1 none 0 1 2 3 1 3 2 1 2 1
20 1 none 1 2 1 1 3 2 2 1 1 2
21 1 none 0 2 1 1 2 1 1 1 2 2
21 1 none 0 3 1 2 2 1 1 3 1 2
21 1 none 1 2 3 2 1 1 2 1 1 2
22 1 none 0 1 2 2 1 1 1 2 1 2
22 1 none 0 3 1 1 2 1 2 1 3 2
22 1 none 1 2 2 2 3 3 1 1 3 1
23 1 none 0 2 2 3 3 3 3 1 1 1
23 1 none 0 2 3 2 1 1 1 2 3 1
23 1 none 1 1 2 2 1 2 1 3 2 1
24 1 none 0 2 3 1 3 2 1 1 2 1
24 1 none 0 3 2 1 2 2 1 3 1 1
24 1 none 1 2 1 3 2 2 1 1 1 2
25 1 none 0 1 3 2 1 1 1 3 2 2
25 1 none 0 3 2 1 2 1 3 1 1 2
25 1 none 1 2 1 3 1 2 2 1 1 2
26 1 none 0 1 1 1 3 2 3 3 2 3
26 1 none 0 1 2 3 3 1 2 3 3 1
26 1 none 1 3 1 1 3 1 3 2 2 2
27 1 none 0 1 2 2 1 3 3 1 3 3
27 1 none 0 3 3 2 3 3 2 1 1 1
27 1 none 1 1 1 3 2 2 2 1 2 1
28 1 none 0 3 2 1 2 1 3 1 2 1
28 1 none 0 3 3 3 2 3 2 1 1 1
28 1 none 1 2 1 1 3 2 1 3 3 2
29 1 none 0 1 2 2 1 3 1 1 2 3
29 1 none 0 2 3 1 1 2 1 2 3 1
29 1 none 1 1 2 1 1 3 1 2 2 2
30 1 none 0 2 2 1 1 1 1 2 1 2
30 1 none 0 2 2 1 2 1 1 1 3 3
30 1 none 1 3 1 1 2 2 2 3 3 1
31 1 none 0 1 1 1 2 3 2 2 1 3
31 1 none 0 1 3 2 2 1 3 1 2 1
31 1 none 1 1 3 2 1 1 2 2 1 2
32 1 none 0 1 2 2 1 1 1 1 2 2
32 1 none 0 2 3 1 1 1 2 1 3 2
32 1 none 1 1 2 1 3 2 1 3 2 3
33 1 none 0 2 1 2 3 1 2 1 1 3
33 1 none 0 2 2 1 3 3 1 3 3 1
33 1 none 1 2 1 1 2 1 2 2 3 1
34 1 none 0 2 2 1 3 3 1 2 1 1
34 1 none 0 3 1 2 1 1 1 2 3 2
34 1 none 1 2 1 1 2 1 3 2 3 3
35 1 none 0 2 2 3 1 1 1 2 3 1
35 1 none 0 2 3 1 1 1 1 2 2 3
35 1 none 1 2 2 2 3 1 3 1 1 3
36 1 none 0 1 1 1 3 1 2 3 2 2
36 1 none 0 2 1 3 3 1 1 2 1 2
36 1 none 1 1 1 2 2 2 2 1 1 3
37 1 none 0 1 3 2 2 1 2 3 1 1
37 1 none 0 3 3 1 2 2 1 3 3 1
37 1 none 1 1 2 1 1 2 1 3 2 2
38 1 none 0 1 1 2 2 1 2 3 3 1
38 1 none 0 3 2 1 2 1 3 1 3 3
38 1 none 1 2 2 2 1 1 3 1 1 2
39 1 none 0 3 1 3 3 1 2 2 1 3
39 1 none 0 3 3 2 1 1 1 2 1 2
39 1 none 1 2 2 2 1 3 1 1 3 3
40 1 none 0 1 1 1 3 2 2 3 1 2
40 1 none 0 3 3 2 1 2 2 1 1 1
40 1 none 1 3 3 2 1 3 2 1 1 2
41 1 none 0 1 2 1 2 1 2 1 3 3
41 1 none 0 3 3 1 2 1 3 1 2 3
41 1 none 1 2 3 3 1 2 1 3 1 2
42 1 none 0 1 2 1 2 1 2 3 3 1
42 1 none 0 1 2 3 2 3 2 1 1 1
42 1 none 1 1 1 2 1 2 3 2 1 2
43 1 none 0 1 1 1 2 1 2 3 3 2
43 1 none 0 2 3 3 1 1 1 3 2 3
43 1 none 1 1 1 2 2 2 1 2 3 1
44 1 none 0 2 1 3 1 1 2 3 1 2
44 1 none 0 2 2 3 1 1 1 2 1 3
44 1 none 1 3 1 2 1 2 2 1 1 2
45 1 none 0 1 1 1 2 3 3 3 2 3
45 1 none 0 1 2 3 1 1 1 2 3 2
45 1 none 1 3 3 2 3 2 1 2 1 1
46 1 none 0 1 2 3 1 2 3 1 1 2
46 1 none 0 2 1 1 3 1 3 1 2 2
46 1 none 1 3 2 1 3 2 1 1 2 3
47 1 none 0 1 1 1 1 2 3 3 2 2
47 1 none 0 1 3 2 1 1 3 2 2 1
47 1 none 1 1 1 2 1 2 1 2 3 2
48 1 none 0 1 1 1 2 1 2 3 2 3
48 1 none 0 1 3 2 3 1 2 2 1 1
48 1 none 1 2 2 2 1 3 1 3 3 1
49 1 none 0 2 1 1 3 2 1 2 3 1
49 1 none 0 2 3 1 1 3 1 2 2 1
49 1 none 1 2 3 1 2 1 1 2 1 2
50 1 none 0 1 3 3 3 1 2 3 2 1
50 1 none 0 3 3 2 2 1 2 1 1 1
50 1 none 1 3 1 3 2 2 2 1 3 1
51 1 none 0 1 1 1 1 2 2 3 2 3
51 1 none 0 3 3 1 3 2 1 3 2 1
51 1 none 1 2 3 3 3 2 1 1 1 2
52 1 none 0 1 2 3 1 3 2 1 1 2
52 1 none 0 1 3 1 2 1 2 3 2 1
52 1 none 1 2 2 1 1 1 2 2 1 1
53 1 none 0 1 3 3 1 3 3 1 2 2
53 1 none 0 2 1 2 3 1 3 3 1 3
53 1 none 1 1 2 1 1 2 1 2 1 2
54 1 none 0 1 3 2 1 2 3 1 2 1
54 1 none 0 2 2 1 1 1 1 3 3 2
54 1 none 1 2 1 1 2 1 3 2 2 1
55 1 none 0 2 1 2 2 1 2 1 1 1
55 1 none 0 2 3 1 1 1 2 1 2 3
55 1 none 1 3 1 3 2 2 2 3 1 1
56 1 none 0 2 1 2 1 1 1 2 2 1
56 1 none 0 2 3 1 1 2 1 3 2 1
56 1 none 1 2 2 1 2 1 1 2 1 3
57 1 none 0 1 2 1 2 1 2 2 1 1
57 1 none 0 2 2 1 1 2 2 1 1 1
57 1 none 1 1 2 1 2 2 3 1 2 1
58 1 none 0 1 2 2 3 1 3 1 2 1
58 1 none 0 1 3 3 2 1 1 2 2 1
58 1 none 1 1 1 2 1 2 3 2 2 1
59 1 none 0 1 1 1 1 3 2 2 2 3
59 1 none 0 1 1 1 3 2 2 1 3 2
59 1 none 1 1 3 1 3 3 1 2 2 2
60 1 none 0 1 1 2 2 1 2 3 1 3
60 1 none 0 3 3 3 2 2 3 1 1 1
60 1 none 1 1 3 1 1 2 1 2 2 2
61 1 none 0 1 1 2 1 2 2 1 2 1
61 1 none 0 3 3 1 2 1 2 1 3 3
61 1 none 1 3 3 1 2 2 2 3 1 1
62 1 none 0 2 1 2 2 3 3 1 1 1
62 1 none 0 2 3 1 3 1 2 1 2 1
62 1 none 1 3 1 1 2 2 2 2 1 1
63 1 none 0 3 1 3 2 1 3 2 1 3
63 1 none 0 3 1 3 3 1 2 3 1 2
63 1 none 1 2 1 1 2 2 2 1 3 1
64 1 none 0 1 3 2 2 1 1 3 2 1
64 1 none 0 2 1 1 2 2 1 1 2 1
64 1 none 1 2 1 2 2 3 1 2 1 1
65 1 none 0 1 2 1 2 2 1 2 1 1
65 1 none 0 1 2 2 1 1 3 3 2 1
65 1 none 1 1 2 1 1 2 2 3 2 1
66 1 none 0 1 1 1 2 3 3 3 3 2
66 1 none 0 2 2 1 2 1 3 1 1 3
66 1 none 1 3 2 1 1 2 1 1 2 2
67 1 none 0 1 1 1 1 2 2 2 3 3
67 1 none 0 1 3 3 2 1 2 2 1 1
67 1 none 1 1 1 2 1 2 1 2 2 3
68 1 none 0 3 1 2 2 1 1 2 1 3
68 1 none 0 3 3 3 1 1 1 3 2 2
68 1 none 1 2 3 3 1 2 1 1 3 2
69 1 none 0 1 2 2 2 2 1 1 1 1
69 1 none 0 1 3 2 1 1 3 1 2 2
69 1 none 1 2 1 3 3 2 3 1 1 2
70 1 none 0 2 1 1 2 1 2 1 2 1
70 1 none 0 2 2 1 1 1 2 1 2 1
70 1 none 1 3 2 3 1 2 3 1 2 1
71 1 none 0 1 3 1 3 1 2 2 2 1
71 1 none 0 3 3 1 3 3 1 2 2 1
71 1 none 1 2 3 1 2 3 3 2 1 1
72 1 none 0 1 1 2 3 1 2 2 1 3
72 1 none 0 3 2 1 3 1 3 1 3 2
72 1 none 1 1 3 2 1 2 2 2 1 1
73 1 none 0 2 3 1 3 1 3 1 3 2
73 1 none 0 3 3 2 1 1 1 1 2 2
73 1 none 1 2 3 1 1 2 3 3 1 2
74 1 none 0 1 3 1 2 1 2 2 3 1
74 1 none 0 2 1 1 2 2 1 3 3 1
74 1 none 1 3 3 1 3 1 1 2 2 2
75 1 none 0 2 1 2 3 1 3 2 1 1
75 1 none 0 2 1 3 2 1 1 3 1 2
75 1 none 1 2 3 1 1 2 2 1 1 2
76 1 none 0 1 3 1 2 1 2 1 2 3
76 1 none 0 3 2 1 1 1 1 2 3 2
76 1 none 1 1 1 2 3 2 1 2 3 3
77 1 none 0 1 1 1 2 2 3 1 2 3
77 1 none 0 3 3 1 3 1 2 1 2 3
77 1 none 1 2 3 1 3 2 3 1 1 2
78 1 none 0 1 2 1 1 1 2 2 2 1
78 1 none 0 1 3 2 1 1 1 2 3 2
78 1 none 1 2 1 1 1 1 3 2 2 2
79 1 none 0 2 1 2 3 1 3 1 1 2
79 1 none 0 2 2 3 1 1 1 3 1 2
79 1 none 1 1 2 2 3 2 1 1 2 1
80 1 none 0 2 3 2 1 1 1 2 1 3
80 1 none 0 3 2 2 1 3 2 1 1 1
80 1 none 1 1 1 3 2 2 2 1 1 2
81 1 none 0 1 1 1 2 3 2 1 3 2
81 1 none 0 1 1 1 3 3 2 2 1 2
81 1 none 1 2 2 2 3 3 1 3 1 1
82 1 none 0 1 2 3 3 1 3 2 3 1
82 1 none 0 1 3 1 2 2 1 2 3 1
82 1 none 1 2 3 1 2 1 3 2 1 3
83 1 none 0 2 2 1 1 1 1 1 2 2
83 1 none 0 2 2 3 1 1 1 3 2 1
83 1 none 1 2 2 2 1 3 1 1 1 2
84 1 none 0 1 2 3 1 2 2 1 1 3
84 1 none 0 3 2 1 2 1 2 1 1 3
84 1 none 1 1 1 2 1 2 3 2 3 3
85 1 none 0 1 1 1 1 3 2 2 3 2
85 1 none 0 2 2 1 3 1 1 3 2 1
85 1 none 1 2 1 2 1 2 1 2 1 3
86 1 none 0 2 1 2 3 3 2 1 1 1
86 1 none 0 3 1 1 2 1 2 3 1 2
86 1 none 1 3 1 2 3 3 2 1 1 2
87 1 none 0 1 2 2 1 1 2 1 2 1
87 1 none 0 1 3 3 1 2 3 1 2 3
87 1 none 1 2 1 3 3 2 1 1 3 2
88 1 none 0 1 2 2 2 1 3 1 3 1
88 1 none 0 3 3 1 2 2 1 2 1 1
88 1 none 1 1 2 1 1 2 1 2 2 3
89 1 none 0 1 1 1 2 3 3 2 3 3
89 1 none 0 2 1 3 1 1 1 2 3 2
89 1 none 1 2 2 2 1 1 3 2 1 1
90 1 none 0 1 1 1 3 2 1 3 2 2
90 1 none 0 1 2 3 1 1 2 1 3 2
90 1 none 1 1 2 1 2 2 2 1 3 1
91 1 none 0 1 1 1 2 3 1 2 2 3
91 1 none 0 3 2 1 2 1 1 1 3 2
91 1 none 1 1 1 3 1 1 2 2 2 2
92 1 none 0 1 3 2 3 1 2 1 2 1
92 1 none 0 2 2 1 2 3 3 1 1 1
92 1 none 1 3 1 2 1 2 1 2 3 3
93 1 none 0 2 3 2 1 1 1 3 2 1
93 1 none 0 3 3 1 3 1 2 1 3 2
93 1 none 1 2 3 1 1 2 1 2 1 2
94 1 none 0 1 2 2 1 3 2 1 3 1
94 1 none 0 1 3 1 1 2 3 1 2 2
94 1 none 1 2 1 3 2 1 1 2 2 1
95 1 none 0 3 1 3 2 1 1 2 1 2
95 1 none 0 3 3 1 1 2 1 2 2 1
95 1 none 1 2 3 3 2 1 1 2 1 3
96 1 none 0 1 3 2 1 2 1 1 3 2
96 1 none 0 2 3 2 1 1 1 3 3 3
96 1 none 1 2 2 2 1 1 3 1 2 1
97 1 none 0 1 2 3 1 1 1 3 2 2
97 1 none 0 3 2 3 1 1 1 2 3 3
97 1 none 1 2 1 3 3 2 1 3 1 2
98 1 none 0 1 2 2 2 1 3 3 1 1
98 1 none 0 3 1 3 1 1 2 2 1 2
98 1 none 1 3 1 2 2 2 1 2 1 1
99 1 none 0 1 3 3 1 1 2 2 2 1
99 1 none 0 2 2 3 1 1 1 1 3 2
99 1 none 1 1 3 2 1 2 3 2 3 1
100 1 none 0 2 2 1 3 1 3 1 2 1
100 1 none 0 3 2 2 1 1 1 1 2 3
100 1 none 1 2 1 3 1 2 1 1 2 2
101 1 none 0 3 1 3 2 1 2 1 1 2
101 1 none 0 3 2 1 1 1 3 1 2 2
101 1 none 1 3 1 2 1 2 3 2 3 1
102 1 none 0 2 2 1 2 1 1 1 1 2
102 1 none 0 3 2 3 1 1 1 2 1 2
102 1 none 1 2 1 1 1 2 1 2 3 2
103 1 none 0 1 1 2 3 1 2 3 2 1
103 1 none 0 3 1 2 3 1 3 2 1 3
103 1 none 1 1 2 1 1 2 3 3 2 3
104 1 none 0 1 2 2 1 2 2 1 1 1
104 1 none 0 3 3 3 1 1 1 2 3 2
104 1 none 1 2 2 2 1 1 2 1 3 1
105 1 none 0 1 3 2 3 1 3 3 2 1
105 1 none 0 2 2 3 1 2 3 1 1 1
105 1 none 1 3 1 3 1 1 3 2 2 2
106 1 none 0 1 2 1 1 2 2 1 1 2
106 1 none 0 3 1 1 2 2 1 2 3 1
106 1 none 1 1 2 2 3 1 2 1 1 2
107 1 none 0 1 1 1 3 1 2 2 3 2
107 1 none 0 1 2 2 3 3 2 1 1 1
107 1 none 1 1 1 2 1 2 2 2 3 1
108 1 none 0 1 3 3 1 2 3 1 3 2
108 1 none 0 2 3 3 1 1 1 1 2 2
108 1 none 1 2 1 1 2 3 1 2 1 2
109 1 none 0 1 1 1 3 3 2 1 2 2
109 1 none 0 2 3 1 3 1 3 1 2 3
109 1 none 1 1 3 2 1 2 1 2 3 3
110 1 none 0 1 1 1 1 2 3 2 2 3
110 1 none 0 1 2 1 3 1 2 1 2 3
110 1 none 1 1 1 2 2 3 2 1 1 2
111 1 none 0 1 1 1 2 2 1 1 2 2
111 1 none 0 1 1 2 2 1 3 3 2 1
111 1 none 1 1 3 3 1 3 1 2 2 2
112 1 none 0 3 1 2 1 1 3 2 1 2
112 1 none 0 3 2 1 3 2 1 3 3 1
112 1 none 1 2 2 2 1 2 1 3 1 1
113 1 none 0 1 1 3 2 1 3 2 1 2
113 1 none 0 2 2 1 3 3 2 1 1 1
113 1 none 1 2 1 3 2 3 1 2 1 3
114 1 none 0 1 2 3 1 2 1 1 3 2
114 1 none 0 3 3 2 2 3 3 1 1 1
114 1 none 1 2 3 1 1 2 1 3 3 2
115 1 none 0 2 3 1 3 1 2 1 3 3
115 1 none 0 3 2 1 3 1 2 1 2 1
115 1 none 1 1 3 1 2 2 2 3 3 1
116 1 none 0 2 3 2 2 1 3 1 1 1
116 1 none 0 3 1 2 3 1 1 2 1 2
116 1 none 1 2 1 1 3 2 3 3 1 2
117 1 none 0 2 2 1 2 1 2 1 1 1
117 1 none 0 3 3 1 3 1 3 1 2 2
117 1 none 1 1 3 2 3 3 2 1 1 2
118 1 none 0 1 2 2 2 1 1 2 1 1
118 1 none 0 3 3 1 1 1 2 1 2 2
118 1 none 1 1 3 1 2 2 2 1 3 3
119 1 none 0 1 1 2 2 1 2 1 2 1
119 1 none 0 1 3 1 1 3 2 1 2 2
119 1 none 1 1 1 2 3 1 2 3 3 2
120 1 none 0 1 1 3 2 1 2 3 1 2
120 1 none 0 1 2 2 1 1 1 2 3 3
120 1 none 1 1 2 2 3 2 1 2 1 1
121 1 none 0 1 1 2 1 3 3 1 2 2
121 1 none 0 2 3 2 1 1 1 3 1 2
121 1 none 1 1 1 2 3 2 3 2 1 3
122 1 none 0 1 1 1 2 2 1 2 3 3
122 1 none 0 3 2 2 3 3 3 1 1 1
122 1 none 1 1 1 2 1 3 2 2 1 2
123 1 none 0 1 1 1 3 3 2 2 2 1
123 1 none 0 3 2 1 2 1 2 1 3 1
123 1 none 1 2 3 2 1 2 1 2 1 1
124 1 none 0 1 1 1 2 2 3 2 3 1
124 1 none 0 3 2 1 2 1 1 3 2 1
124 1 none 1 1 2 3 3 2 1 3 2 1
125 1 none 0 1 1 1 2 1 2 1 2 2
125 1 none 0 3 3 3 3 2 2 1 1 1
125 1 none 1 1 3 1 2 2 2 3 1 3
126 0 none 0 1 3 2 1 1 2 2 3 1
126 0 none 0 2 1 2 3 1 2 3 1 1
126 0 none 0 2 3 3 2 3 3 1 1 1
127 0 none 0 1 1 1 3 3 3 3 2 2
127 0 none 0 2 1 3 2 1 3 3 1 3
127 0 none 0 2 2 1 1 1 3 1 2 3
128 0 none 0 2 1 3 2 1 3 1 1 2
128 0 none 0 2 2 1 3 2 1 3 1 1
128 0 none 0 3 1 2 1 1 2 2 1 3
129 0 none 0 1 1 2 2 1 1 2 2 1
129 0 none 0 3 2 2 3 2 1 1 1 1
129 0 none 0 3 2 3 2 1 2 1 1 1
130 0 none 0 1 2 3 2 1 2 1 3 1
130 0 none 0 2 1 1 3 1 2 1 3 2
130 0 none 0 3 1 1 2 2 1 3 2 1
131 0 none 0 2 1 1 2 3 1 3 2 1
131 0 none 0 2 1 1 3 1 2 3 1 2
131 0 none 0 3 2 1 1 1 2 1 2 3
132 0 none 0 2 1 3 2 3 2 1 1 1
132 0 none 0 2 3 1 3 3 1 3 2 1
132 0 none 0 3 1 3 2 1 2 3 1 3
133 0 none 0 1 1 1 3 3 2 3 3 2
133 0 none 0 2 3 2 1 3 2 1 1 1
133 0 none 0 3 1 1 2 1 3 1 2 2
134 0 none 0 1 2 3 1 1 2 1 2 3
134 0 none 0 1 3 1 2 3 1 2 2 1
134 0 none 0 3 2 1 3 1 3 1 2 3
135 0 none 0 1 1 1 2 1 2 2 3 3
135 0 none 0 1 2 3 3 1 2 2 1 1
135 0 none 0 3 2 2 2 3 1 1 1 1
136 0 none 0 1 2 1 3 1 2 3 2 1
136 0 none 0 1 2 2 2 3 3 1 1 1
136 0 none 0 2 3 1 1 1 1 3 2 2
137 0 none 0 1 2 1 2 2 1 3 3 1
137 0 none 0 1 2 2 2 1 2 1 1 1
137 0 none 0 1 2 2 3 2 3 1 1 1
138 0 none 0 1 1 1 2 3 3 2 2 1
138 0 none 0 1 1 2 3 1 3 2 2 1
138 0 none 0 2 2 3 2 1 3 1 1 1
139 0 none 0 1 1 1 3 2 2 3 3 3
139 0 none 0 1 1 2 1 2 3 1 3 2
139 0 none 0 3 2 1 3 1 1 2 2 1
140 0 none 0 1 2 2 2 1 1 1 2 1
140 0 none 0 2 1 2 2 1 3 1 1 3
140 0 none 0 3 1 2 1 1 1 2 2 3
141 0 none 0 1 2 1 2 3 1 3 2 1
141 0 none 0 3 1 1 3 2 1 2 2 1
141 0 none 0 3 2 3 2 3 3 1 1 1
142 0 none 0 1 2 3 2 2 3 1 1 1
142 0 none 0 1 3 3 1 3 2 1 3 2
142 0 none 0 2 3 2 2 3 1 1 1 1
143 0 none 0 1 1 1 2 3 3 2 1 2
143 0 none 0 1 3 2 3 1 3 2 3 1
143 0 none 0 2 2 3 3 1 2 1 1 1
144 0 none 0 1 1 1 2 2 3 2 1 3
144 0 none 0 2 3 1 2 1 3 1 1 2
144 0 none 0 2 3 3 1 1 1 2 1 2
145 0 none 0 1 1 1 2 1 3 3 2 2
145 0 none 0 1 2 3 2 1 3 2 1 1
145 0 none 0 2 2 3 1 1 1 3 3 3
146 0 none 0 1 1 1 3 2 2 1 2 3
146 0 none 0 2 3 3 2 2 1 1 1 1
146 0 none 0 3 3 1 3 2 1 2 3 1
147 0 none 0 1 1 3 2 1 2 2 3 1
147 0 none 0 1 3 2 1 3 3 1 3 2
147 0 none 0 1 3 3 1 1 2 1 2 2
148 0 none 0 1 1 1 2 2 1 3 3 2
148 0 none 0 1 1 2 3 1 2 2 3 1
148 0 none 0 3 3 1 2 3 1 2 3 1
149 0 none 0 1 1 1 2 2 3 3 1 2
149 0 none 0 1 2 2 1 1 1 2 2 1
149 0 none 0 2 1 2 3 1 1 2 1 3
150 0 none 0 1 1 1 2 2 1 2 1 2
150 0 none 0 1 2 2 1 3 3 1 2 1
150 0 none 0 3 3 1 2 1 1 2 2 1
151 0 none 0 1 2 2 3 1 2 1 3 1
151 0 none 0 3 1 1 2 1 3 2 1 2
151 0 none 0 3 3 2 2 2 1 1 1 1
152 0 none 0 1 1 1 2 3 2 1 2 3
152 0 none 0 1 3 1 3 2 1 2 2 1
152 0 none 0 3 3 1 2 1 1 1 2 2
153 0 none 0 1 2 2 1 1 3 1 3 2
153 0 none 0 2 1 1 2 1 2 3 1 3
153 0 none 0 2 1 2 3 1 1 3 1 2
154 0 none 0 1 1 1 1 2 2 1 2 2
154 0 none 0 1 1 1 2 3 1 3 2 2
154 0 none 0 2 1 2 1 1 1 2 1 2
155 0 none 0 1 1 1 1 3 2 3 2 2
155 0 none 0 1 2 1 1 3 2 1 3 2
155 0 none 0 1 3 2 3 1 1 2 2 1
156 0 none 0 1 2 2 1 2 1 1 1 2
156 0 none 0 3 1 2 3 1 2 2 1 1
156 0 none 0 3 1 2 3 1 3 3 1 2
157 0 none 0 1 1 2 2 1 3 3 1 2
157 0 none 0 2 1 3 2 2 3 1 1 1
157 0 none 0 3 1 2 2 2 3 1 1 1
158 0 none 0 2 1 1 3 1 2 1 2 3
158 0 none 0 2 1 2 2 1 1 3 1 3
158 0 none 0 2 3 2 3 1 2 1 1 1
159 0 none 0 3 1 2 2 3 2 1 1 1
159 0 none 0 3 1 3 3 1 3 2 1 2
159 0 none 0 3 2 2 1 2 3 1 1 1
160 0 none 0 1 1 1 3 3 2 2 3 3
160 0 none 0 1 3 2 1 3 3 1 2 3
160 0 none 0 2 2 1 2 3 1 3 1 1
161 0 none 0 1 2 2 1 2 3 1 3 1
161 0 none 0 1 3 3 2 1 2 3 3 1
161 0 none 0 2 1 1 1 2 1 2 2 1
162 0 none 0 1 2 2 3 1 2 3 1 1
162 0 none 0 2 2 1 3 1 2 1 3 1
162 0 none 0 3 2 3 3 2 3 1 1 1
163 0 none 0 1 2 2 1 1 3 2 3 1
163 0 none 0 2 1 2 1 1 1 3 2 3
163 0 none 0 2 3 3 1 1 1 2 2 1
164 0 none 0 1 1 3 1 3 2 1 2 2
164 0 none 0 1 1 3 2 1 2 2 1 3
164 0 none 0 2 3 1 2 1 2 1 1 3
165 0 none 0 1 1 1 3 2 1 2 2 3
165 0 none 0 2 2 1 1 1 2 1 1 2
165 0 none 0 3 1 1 2 3 1 2 2 1
166 0 none 0 1 1 2 2 1 3 2 1 3
166 0 none 0 1 3 2 1 2 3 1 3 3
166 0 none 0 3 3 2 1 1 1 3 2 3
167 0 none 0 1 1 1 2 2 1 2 2 1
167 0 none 0 2 2 1 3 1 1 1 3 2
167 0 none 0 3 2 3 2 2 1 1 1 1
168 0 none 0 1 1 3 1 2 3 1 2 2
168 0 none 0 1 2 2 1 1 2 2 1 1
168 0 none 0 2 1 2 2 1 3 3 1 1
169 0 none 0 1 3 3 1 3 2 1 2 3
169 0 none 0 3 2 1 2 2 1 1 3 1
169 0 none 0 3 2 3 1 1 1 3 2 3
170 0 none 0 1 2 1 2 1 2 1 2 1
170 0 none 0 2 1 3 3 1 2 2 1 1
170 0 none 0 3 3 2 1 1 1 3 3 2
171 0 none 0 2 1 1 1 1 2 1 2 2
171 0 none 0 2 3 3 1 1 1 3 3 2
171 0 none 0 3 1 2 3 2 2 1 1 1
172 0 none 0 2 1 3 1 1 1 2 2 3
172 0 none 0 2 2 1 1 3 1 3 2 1
172 0 none 0 2 3 1 3 3 1 2 3 1
173 0 none 0 2 3 1 2 3 1 3 3 1
173 0 none 0 2 3 2 1 1 1 1 3 2
173 0 none 0 3 1 1 3 1 2 2 1 2
174 0 none 0 1 2 3 2 1 3 1 2 1
174 0 none 0 1 2 3 3 2 2 1 1 1
174 0 none 0 3 1 2 2 1 3 2 1 1
175 0 none 0 1 3 1 2 2 1 3 2 1
175 0 none 0 2 2 1 1 1 2 1 3 3
175 0 none 0 3 1 2 2 1 3 3 1 3
176 0 none 0 1 2 2 1 3 2 1 1 3
176 0 none 0 2 1 3 2 1 2 3 1 1
176 0 none 0 2 3 1 3 2 1 2 1 1
177 0 none 0 1 1 1 2 1 2 2 2 1
177 0 none 0 1 1 3 2 1 3 2 2 1
177 0 none 0 1 3 2 1 2 2 1 1 3
178 0 none 0 1 2 2 1 2 3 1 1 3
178 0 none 0 2 1 2 1 1 1 1 2 2
178 0 none 0 2 1 2 2 2 1 1 1 1
179 0 none 0 1 2 2 1 1 2 1 3 3
179 0 none 0 1 2 3 1 3 1 1 2 2
179 0 none 0 1 3 2 1 2 2 1 3 1
180 0 none 0 1 2 2 3 1 3 3 3 1
180 0 none 0 2 1 2 1 1 1 2 3 3
180 0 none 0 2 2 1 3 2 3 1 1 1
181 0 none 0 1 2 3 1 3 3 1 2 3
181 0 none 0 2 1 1 3 3 1 2 2 1
181 0 none 0 2 1 3 3 1 3 2 1 3
182 0 none 0 1 1 1 3 2 3 2 2 1
182 0 none 0 1 3 1 1 2 2 1 3 2
182 0 none 0 1 3 1 2 1 3 1 2 2
183 0 none 0 2 1 2 1 2 2 1 1 1
183 0 none 0 2 1 3 3 1 2 3 1 3
183 0 none 0 2 1 3 3 2 2 1 1 1
184 0 none 0 1 2 1 3 1 2 2 3 1
184 0 none 0 1 2 3 1 1 3 1 2 2
184 0 none 0 2 1 2 2 1 1 1 1 2
185 0 none 0 1 2 3 1 3 3 1 3 2
185 0 none 0 3 2 1 2 3 2 1 1 1
185 0 none 0 3 2 2 1 1 1 1 3 2
186 0 none 0 1 2 1 1 3 3 1 2 2
186 0 none 0 2 2 1 1 1 1 2 3 3
186 0 none 0 2 3 2 1 1 1 1 2 3
187 0 none 0 1 1 1 3 3 3 2 3 2
187 0 none 0 1 1 3 1 2 2 1 2 3
187 0 none 0 1 2 1 1 2 3 1 3 2
188 0 none 0 1 1 1 1 2 2 2 2 1
188 0 none 0 2 3 1 1 1 1 2 3 2
188 0 none 0 2 3 2 1 2 3 1 1 1
189 0 none 0 1 1 1 3 2 2 3 2 1
189 0 none 0 1 2 1 2 1 3 1 3 2
189 0 none 0 1 3 3 2 1 3 3 2 1
190 0 none 0 2 1 1 2 1 3 3 1 2
190 0 none 0 2 1 2 1 1 3 3 1 2
190 0 none 0 3 2 3 1 1 1 1 2 2
191 0 none 0 1 2 1 2 1 1 2 2 1
191 0 none 0 1 2 3 1 2 2 1 3 1
191 0 none 0 2 1 1 3 1 2 2 1 3
192 0 none 0 1 1 1 3 2 1 2 3 2
192 0 none 0 1 2 1 2 1 1 1 2 2
192 0 none 0 3 1 1 3 1 2 1 2 2
193 0 none 0 1 3 2 1 1 1 2 2 3
193 0 none 0 2 1 1 3 2 1 3 2 1
193 0 none 0 2 1 2 1 1 2 2 1 1
194 0 none 0 1 2 2 2 1 1 3 3 1
194 0 none 0 2 1 1 2 1 2 1 3 3
194 0 none 0 2 2 1 2 1 1 3 3 1
195 0 none 0 1 1 1 2 2 3 3 2 1
195 0 none 0 1 3 1 2 1 3 2 2 1
195 0 none 0 1 3 2 2 1 3 2 1 1
196 0 none 0 1 1 1 2 3 2 2 3 1
196 0 none 0 1 2 1 3 1 3 2 2 1
196 0 none 0 2 3 1 3 1 2 1 1 2
197 0 none 0 2 1 3 1 1 1 3 2 2
197 0 none 0 2 2 1 3 1 1 2 3 1
197 0 none 0 2 2 1 3 1 3 1 1 2
198 0 none 0 1 2 2 3 1 1 3 2 1
198 0 none 0 1 2 3 2 1 3 3 3 1
198 0 none 0 3 2 3 3 3 2 1 1 1
199 0 none 0 1 1 1 2 3 1 2 3 2
199 0 none 0 2 1 2 1 1 1 3 3 2
199 0 none 0 2 3 1 1 1 3 1 2 2
200 0 none 0 1 2 2 1 2 1 1 3 3
200 0 none 0 2 1 1 2 1 3 1 2 3
200 0 none 0 3 2 1 2 1 1 2 3 1
201 0 none 0 1 2 2 1 1 1 3 2 3
201 0 none 0 3 1 1 2 1 2 2 1 3
201 0 none 0 3 3 1 2 3 1 3 2 1
202 0 none 0 1 2 2 1 1 2 3 3 1
202 0 none 0 1 2 2 3 1 1 2 3 1
202 0 none 0 2 3 1 2 1 3 1 3 3
203 0 none 0 1 2 1 2 1 3 3 2 1
203 0 none 0 1 3 3 1 2 2 1 3 3
203 0 none 0 2 3 1 2 1 1 1 3 2
204 0 none 0 1 1 3 3 1 2 2 1 2
204 0 none 0 1 2 1 3 1 2 1 3 2
204 0 none 0 1 3 3 1 2 1 1 2 2
205 0 none 0 1 2 1 2 1 3 2 3 1
205 0 none 0 1 2 2 1 3 1 1 3 2
205 0 none 0 1 2 3 2 1 1 2 3 1
206 0 none 0 2 1 3 2 1 2 1 1 3
206 0 none 0 2 3 1 2 1 2 1 3 1
206 0 none 0 3 2 1 3 1 2 1 3 3
207 0 none 0 1 3 2 1 2 3 1 1 2
207 0 none 0 1 3 3 2 1 3 2 3 1
207 0 none 0 2 2 1 2 3 1 1 3 1
208 0 none 0 1 1 3 1 2 2 1 3 2
208 0 none 0 1 2 1 2 1 3 1 2 3
208 0 none 0 3 3 1 2 1 2 1 2 1
209 0 none 0 1 2 1 3 2 1 2 3 1
209 0 none 0 1 2 2 1 1 1 3 3 2
209 0 none 0 3 2 1 1 1 2 1 3 2
210 0 none 0 1 3 2 1 2 1 1 2 3
210 0 none 0 3 2 1 2 3 1 2 1 1
210 0 none 0 3 3 2 3 2 3 1 1 1
211 0 none 0 1 1 1 2 2 3 3 3 3
211 0 none 0 1 2 3 2 1 2 3 1 1
211 0 none 0 3 1 3 2 1 3 3 1 2
212 0 none 0 1 1 1 3 1 2 2 2 3
212 0 none 0 1 2 3 3 1 3 3 2 1
212 0 none 0 2 3 1 2 2 1 1 3 1
213 0 none 0 1 1 2 1 3 2 1 2 3
213 0 none 0 2 3 3 1 1 1 2 3 3
213 0 none 0 3 2 2 3 1 2 1 1 1
214 0 none 0 1 2 3 1 3 2 1 3 3
214 0 none 0 2 2 1 2 2 1 1 1 1
214 0 none 0 3 2 2 2 1 3 1 1 1
215 0 none 0 1 1 1 2 1 2 2 1 2
215 0 none 0 1 3 3 3 1 3 2 2 1
215 0 none 0 3 2 1 3 2 2 1 1 1
216 0 none 0 1 1 1 2 1 3 2 2 3
216 0 none 0 1 1 1 2 3 3 1 2 2
216 0 none 0 1 3 2 2 3 2 1 1 1
217 0 none 0 1 3 2 1 1 2 1 2 3
217 0 none 0 1 3 2 1 3 2 1 3 3
217 0 none 0 2 3 1 2 2 1 3 1 1
218 0 none 0 1 1 1 3 3 2 3 2 3
218 0 none 0 1 1 1 3 3 3 2 2 3
218 0 none 0 2 2 1 1 1 3 1 3 2
219 0 none 0 1 2 1 1 1 2 1 2 2
219 0 none 0 2 1 1 2 1 3 1 3 2
219 0 none 0 2 1 2 1 1 2 3 1 3
220 0 none 0 1 3 3 2 1 2 1 2 1
220 0 none 0 2 3 3 3 3 2 1 1 1
220 0 none 0 3 3 2 1 1 1 2 3 3
221 0 none 0 1 2 1 2 3 1 2 3 1
221 0 none 0 2 3 1 2 1 1 1 2 3
221 0 none 0 3 2 1 2 3 1 1 2 1
222 0 none 0 1 2 1 2 1 2 1 1 2
222 0 none 0 1 2 3 1 1 2 3 2 1
222 0 none 0 3 2 1 3 2 1 2 1 1
223 0 none 0 1 1 2 1 1 2 2 2 1
223 0 none 0 1 2 1 3 1 3 1 2 2
223 0 none 0 1 2 3 3 1 2 1 2 1
224 0 none 0 1 1 1 1 2 3 2 3 2
224 0 none 0 1 2 3 2 1 1 3 2 1
224 0 none 0 3 2 1 3 3 1 3 2 1
225 0 none 0 1 1 1 1 2 2 2 1 2
225 0 none 0 1 1 1 2 1 3 2 3 2
225 0 none 0 2 2 1 3 1 3 1 3 3
226 0 none 0 1 1 2 3 1 3 2 1 2
226 0 none 0 1 1 3 2 1 2 3 2 1
226 0 none 0 2 2 3 2 3 1 1 1 1
227 0 none 0 1 1 1 3 2 3 2 3 3
227 0 none 0 1 3 2 2 1 1 2 3 1
227 0 none 0 2 2 1 2 1 1 1 2 1
228 0 none 0 1 1 1 2 3 2 3 3 3
228 0 none 0 1 3 1 2 1 2 1 3 2
228 0 none 0 3 2 1 2 3 1 3 3 1
229 0 none 0 1 1 1 1 2 2 3 3 2
229 0 none 0 2 2 1 3 1 2 1 1 3
229 0 none 0 3 2 1 1 1 1 2 2 3
230 0 none 0 1 2 3 1 1 3 2 2 1
230 0 none 0 2 3 1 3 1 1 1 2 2
230 0 none 0 3 2 1 1 3 1 2 2 1
231 0 none 0 1 2 2 3 1 3 2 1 1
231 0 none 0 1 3 2 1 3 1 1 2 2
231 0 none 0 2 1 3 3 1 3 3 1 2
232 0 none 0 1 1 1 2 2 3 1 3 2
232 0 none 0 1 3 1 3 1 2 1 2 2
232 0 none 0 1 3 3 1 2 2 1 2 1
233 0 none 0 1 2 2 1 3 3 1 1 2
233 0 none 0 2 1 1 1 1 2 2 1 2
233 0 none 0 2 3 3 3 2 3 1 1 1
234 0 none 0 2 2 1 1 1 1 3 2 3
234 0 none 0 3 2 2 1 1 1 2 1 3
234 0 none 0 3 2 2 1 1 1 3 2 1
235 0 none 0 2 2 1 3 3 1 1 2 1
235 0 none 0 3 1 2 1 1 1 3 2 2
235 0 none 0 3 2 2 1 1 1 3 3 3
236 0 none 0 1 2 2 1 1 3 1 2 3
236 0 none 0 3 2 1 1 2 1 2 3 1
236 0 none 0 3 2 2 1 1 1 3 1 2
237 0 none 0 1 1 2 2 1 2 2 1 1
237 0 none 0 2 3 1 2 1 3 1 2 1
237 0 none 0 3 1 2 2 1 2 1 1 3
238 0 none 0 1 3 2 2 1 3 3 3 1
238 0 none 0 2 2 1 1 3 1 2 3 1
238 0 none 0 3 2 1 2 1 1 1 2 3
239 0 none 0 1 1 1 3 2 3 2 1 2
239 0 none 0 2 2 3 3 2 1 1 1 1
239 0 none 0 3 1 1 2 1 2 1 2 3
240 0 none 0 1 1 1 2 2 1 3 2 3
240 0 none 0 1 2 3 3 1 1 2 2 1
240 0 none 0 2 1 3 1 1 2 2 1 3
241 0 none 0 1 3 2 2 1 2 1 3 1
241 0 none 0 3 2 1 3 3 1 2 3 1
241 0 none 0 3 3 3 1 1 1 2 2 3
242 0 none 0 1 1 2 1 2 3 1 2 3
242 0 none 0 1 3 3 1 2 2 1 1 2
242 0 none 0 3 3 2 1 1 1 2 2 1
243 0 none 0 1 1 1 2 3 2 3 1 2
243 0 none 0 2 2 1 1 1 1 2 2 1
243 0 none 0 2 2 1 2 1 3 1 3 1
244 0 none 0 1 2 1 1 2 2 1 3 3
244 0 none 0 2 1 2 1 1 3 2 1 3
244 0 none 0 3 1 2 3 1 2 3 1 3
245 0 none 0 1 2 3 1 2 3 1 3 3
245 0 none 0 1 3 2 1 3 2 1 2 1
245 0 none 0 2 3 2 3 2 1 1 1 1
246 0 none 0 2 1 1 3 1 3 2 1 2
246 0 none 0 3 2 3 1 1 1 3 3 2
246 0 none 0 3 2 3 1 2 2 1 1 1
247 0 none 0 2 3 1 3 2 1 3 3 1
247 0 none 0 3 2 1 1 1 1 3 2 2
247 0 none 0 3 3 1 2 2 1 1 2 1
248 0 none 0 1 3 3 3 1 2 2 3 1
248 0 none 0 2 1 1 2 1 2 1 1 2
248 0 none 0 2 1 2 3 2 3 1 1 1
249 0 none 0 1 1 1 3 2 3 3 3 2
249 0 none 0 2 3 1 2 1 1 3 2 1
249 0 none 0 3 1 2 2 1 2 3 1 1
250 0 none 0 3 2 2 1 1 1 2 3 1
250 0 none 0 3 2 3 1 1 1 2 2 1
250 0 none 0 3 3 1 2 1 2 1 1 2
