% Each line corresponds to an instance
% Column1: Bag ID
% Column2: Bag class label
% Column3: Instance ID
% Column4: Instance class label
% Column5->...: Attribute values of the instance (all attributes are numeric)
1 1 none 0 3 1 3 2 1 2 2 1 1
1 1 none 1 1 1 3 2 2 2 3 1 3
2 1 none 0 3 1 2 2 1 3 1 1 2
2 1 none 1 3 1 2 1 1 2 3 3 2
3 1 none 0 3 2 1 2 2 3 1 1 1
3 1 none 1 2 2 3 2 1 1 2 1 1
4 1 none 0 2 2 1 3 2 1 1 3 1
4 1 none 1 2 2 2 1 1 2 3 1 1
5 1 none 0 1 1 1 2 3 2 3 2 1
5 1 none 1 3 1 2 1 3 2 1 3 2
6 1 none 0 2 3 3 1 2 2 1 1 1
6 1 none 1 1 2 1 3 1 1 2 2 2
7 1 none 0 2 3 1 2 3 1 1 2 1
7 1 none 1 1 3 1 2 2 2 2 1 1
8 1 none 0 2 3 1 2 3 2 1 1 1
8 1 none 1 2 1 1 3 2 1 2 1 2
9 1 none 0 2 3 1 3 1 1 2 2 1
9 1 none 1 1 3 3 2 2 2 3 1 1
10 1 none 0 1 3 2 2 2 3 1 1 1
10 1 none 1 2 3 2 2 1 1 2 1 1
11 1 none 0 1 3 1 1 2 2 1 2 3
11 1 none 1 1 3 1 1 1 2 2 2 2
12 1 none 0 1 2 3 1 1 1 2 2 3
12 1 none 1 1 3 2 1 2 1 2 1 2
13 1 none 0 1 3 2 3 2 2 1 1 1
13 1 none 1 1 2 1 3 2 3 3 2 1
14 1 none 0 2 2 1 1 2 1 3 3 1
14 1 none 1 3 1 2 1 2 2 2 1 1
15 1 none 0 1 1 1 3 2 2 2 1 3
15 1 none 1 2 1 1 1 2 2 3 1 2
16 1 none 0 2 3 2 3 3 3 1 1 1
16 1 none 1 2 2 2 1 1 3 3 1 3
17 1 none 0 3 2 1 3 1 1 1 2 2
17 1 none 1 2 2 2 1 3 3 1 1 3
18 1 none 0 2 3 1 3 2 2 1 1 1
18 1 none 1 1 3 1 1 3 3 2 2 2
19 1 none 0 2 1 3 1 1 3 2 1 2
19 1 none 1 3 2 3 1 2 1 1 2 3
20 1 none 0 3 2 1 3 1 2 1 1 2
20 1 none 1 2 1 1 3 2 2 1 1 2
21 1 none 0 2 2 1 1 2 1 2 1 1
21 1 none 1 2 3 2 1 1 2 1 1 2
22 1 none 0 1 1 2 2 1 1 2 1 2
22 1 none 1 2 2 2 3 3 1 1 3 1
23 1 none 0 1 2 1 3 3 1 2 2 1
23 1 none 1 1 2 2 1 2 1 3 2 1
24 1 none 0 1 1 3 3 1 2 2 2 1
24 1 none 1 2 1 3 2 2 1 1 1 2
25 1 none 0 2 2 3 1 3 2 1 1 1
25 1 none 1 2 1 3 1 2 2 1 1 2
26 1 none 0 2 2 1 3 1 1 1 2 3
26 1 none 1 3 1 1 3 1 3 2 2 2
27 1 none 0 1 3 2 1 1 2 3 2 1
27 1 none 1 1 1 3 2 2 2 1 2 1
28 1 none 0 2 1 3 3 1 2 1 1 2
28 1 none 1 2 1 1 3 2 1 3 3 2
29 1 none 0 2 3 3 2 1 2 1 1 1
29 1 none 1 1 2 1 1 3 1 2 2 2
30 1 none 0 2 2 3 1 1 1 1 2 3
30 1 none 1 3 1 1 2 2 2 3 3 1
31 1 none 0 1 1 2 1 2 1 1 2 2
31 1 none 1 1 3 2 1 1 2 2 1 2
32 1 none 0 1 1 2 2 1 3 2 3 1
32 1 none 1 1 2 1 3 2 1 3 2 3
33 1 none 0 1 1 1 3 2 3 1 2 2
33 1 none 1 2 1 1 2 1 2 2 3 1
34 1 none 0 3 3 1 2 1 3 1 3 2
34 1 none 1 2 1 1 2 1 3 2 3 3
35 1 none 0 1 3 2 3 1 2 3 3 1
35 1 none 1 2 2 2 3 1 3 1 1 3
36 1 none 0 2 3 1 2 2 3 1 1 1
36 1 none 1 1 1 2 2 2 2 1 1 3
37 1 none 0 1 2 1 1 3 2 1 2 3
37 1 none 1 1 2 1 1 2 1 3 2 2
38 1 none 0 1 2 3 1 1 2 2 3 1
38 1 none 1 2 2 2 1 1 3 1 1 2
39 1 none 0 1 2 3 1 3 2 1 2 1
39 1 none 1 2 2 2 1 3 1 1 3 3
40 1 none 0 1 1 2 1 2 2 1 3 3
40 1 none 1 3 3 2 1 3 2 1 1 2
41 1 none 0 3 1 2 2 1 1 3 1 2
41 1 none 1 2 3 3 1 2 1 3 1 2
42 1 none 0 2 1 1 2 1 1 1 2 2
42 1 none 1 1 1 2 1 2 3 2 1 2
43 1 none 0 3 1 1 2 1 2 1 3 2
43 1 none 1 1 1 2 2 2 1 2 3 1
44 1 none 0 1 2 2 1 1 1 2 1 2
44 1 none 1 3 1 2 1 2 2 1 1 2
45 1 none 0 2 2 3 3 3 3 1 1 1
45 1 none 1 3 3 2 3 2 1 2 1 1
46 1 none 0 2 3 2 1 1 1 2 3 1
46 1 none 1 3 2 1 3 2 1 1 2 3
47 1 none 0 3 2 1 2 2 1 3 1 1
47 1 none 1 1 1 2 1 2 1 2 3 2
48 1 none 0 2 3 1 3 2 1 1 2 1
48 1 none 1 2 2 2 1 3 1 3 3 1
49 1 none 0 1 3 2 1 1 1 3 2 2
49 1 none 1 2 3 1 2 1 1 2 1 2
50 1 none 0 3 2 1 2 1 3 1 1 2
50 1 none 1 3 1 3 2 2 2 1 3 1
51 1 none 0 1 2 3 3 1 2 3 3 1
51 1 none 1 2 3 3 3 2 1 1 1 2
52 1 none 0 1 1 1 3 2 3 3 2 3
52 1 none 1 2 2 1 1 1 2 2 1 1
53 1 none 0 3 3 2 3 3 2 1 1 1
53 1 none 1 1 2 1 1 2 1 2 1 2
54 1 none 0 1 2 2 1 3 3 1 3 3
54 1 none 1 2 1 1 2 1 3 2 2 1
55 1 none 0 3 2 1 2 1 3 1 2 1
55 1 none 1 3 1 3 2 2 2 3 1 1
56 1 none 0 3 3 3 2 3 2 1 1 1
56 1 none 1 2 2 1 2 1 1 2 1 3
57 1 none 0 2 3 1 1 2 1 2 3 1
57 1 none 1 1 2 1 2 2 3 1 2 1
58 1 none 0 1 2 2 1 3 1 1 2 3
58 1 none 1 1 1 2 1 2 3 2 2 1
59 1 none 0 2 2 1 2 1 1 1 3 3
59 1 none 1 1 3 1 3 3 1 2 2 2
60 1 none 0 2 2 1 1 1 1 2 1 2
60 1 none 1 1 3 1 1 2 1 2 2 2
61 1 none 0 1 3 2 2 1 3 1 2 1
61 1 none 1 3 3 1 2 2 2 3 1 1
62 1 none 0 1 1 1 2 3 2 2 1 3
62 1 none 1 3 1 1 2 2 2 2 1 1
63 1 none 0 1 2 2 1 1 1 1 2 2
63 1 none 1 2 1 1 2 2 2 1 3 1
64 1 none 0 2 3 1 1 1 2 1 3 2
64 1 none 1 2 1 2 2 3 1 2 1 1
65 1 none 0 2 1 2 3 1 2 1 1 3
65 1 none 1 1 2 1 1 2 2 3 2 1
66 1 none 0 2 2 1 3 3 1 3 3 1
66 1 none 1 3 2 1 1 2 1 1 2 2
67 1 none 0 3 1 2 1 1 1 2 3 2
67 1 none 1 1 1 2 1 2 1 2 2 3
68 1 none 0 2 2 1 3 3 1 2 1 1
68 1 none 1 2 3 3 1 2 1 1 3 2
69 1 none 0 2 2 3 1 1 1 2 3 1
69 1 none 1 2 1 3 3 2 3 1 1 2
70 1 none 0 2 3 1 1 1 1 2 2 3
70 1 none 1 3 2 3 1 2 3 1 2 1
71 1 none 0 2 1 3 3 1 1 2 1 2
71 1 none 1 2 3 1 2 3 3 2 1 1
72 1 none 0 1 1 1 3 1 2 3 2 2
72 1 none 1 1 3 2 1 2 2 2 1 1
73 1 none 0 3 3 1 2 2 1 3 3 1
73 1 none 1 2 3 1 1 2 3 3 1 2
74 1 none 0 1 3 2 2 1 2 3 1 1
74 1 none 1 3 3 1 3 1 1 2 2 2
75 1 none 0 1 1 2 2 1 2 3 3 1
75 1 none 1 2 3 1 1 2 2 1 1 2
76 1 none 0 3 2 1 2 1 3 1 3 3
76 1 none 1 1 1 2 3 2 1 2 3 3
77 1 none 0 3 1 3 3 1 2 2 1 3
77 1 none 1 2 3 1 3 2 3 1 1 2
78 1 none 0 3 3 2 1 1 1 2 1 2
78 1 none 1 2 1 1 1 1 3 2 2 2
79 1 none 0 1 1 1 3 2 2 3 1 2
79 1 none 1 1 2 2 3 2 1 1 2 1
80 1 none 0 3 3 2 1 2 2 1 1 1
80 1 none 1 1 1 3 2 2 2 1 1 2
81 1 none 0 3 3 1 2 1 3 1 2 3
81 1 none 1 2 2 2 3 3 1 3 1 1
82 1 none 0 1 2 1 2 1 2 1 3 3
82 1 none 1 2 3 1 2 1 3 2 1 3
83 1 none 0 1 2 1 2 1 2 3 3 1
83 1 none 1 2 2 2 1 3 1 1 1 2
84 1 none 0 1 2 3 2 3 2 1 1 1
84 1 none 1 1 1 2 1 2 3 2 3 3
85 1 none 0 2 3 3 1 1 1 3 2 3
85 1 none 1 2 1 2 1 2 1 2 1 3
86 1 none 0 1 1 1 2 1 2 3 3 2
86 1 none 1 3 1 2 3 3 2 1 1 2
87 1 none 0 2 2 3 1 1 1 2 1 3
87 1 none 1 2 1 3 3 2 1 1 3 2
88 1 none 0 2 1 3 1 1 2 3 1 2
88 1 none 1 1 2 1 1 2 1 2 2 3
89 1 none 0 1 1 1 2 3 3 3 2 3
89 1 none 1 2 2 2 1 1 3 2 1 1
90 1 none 0 1 2 3 1 1 1 2 3 2
90 1 none 1 1 2 1 2 2 2 1 3 1
91 1 none 0 1 2 3 1 2 3 1 1 2
91 1 none 1 1 1 3 1 1 2 2 2 2
92 1 none 0 2 1 1 3 1 3 1 2 2
92 1 none 1 3 1 2 1 2 1 2 3 3
93 1 none 0 1 3 2 1 1 3 2 2 1
93 1 none 1 2 3 1 1 2 1 2 1 2
94 1 none 0 1 1 1 1 2 3 3 2 2
94 1 none 1 2 1 3 2 1 1 2 2 1
95 1 none 0 1 1 1 2 1 2 3 2 3
95 1 none 1 2 3 3 2 1 1 2 1 3
96 1 none 0 1 3 2 3 1 2 2 1 1
96 1 none 1 2 2 2 1 1 3 1 2 1
97 1 none 0 2 3 1 1 3 1 2 2 1
97 1 none 1 2 1 3 3 2 1 3 1 2
98 1 none 0 2 1 1 3 2 1 2 3 1
98 1 none 1 3 1 2 2 2 1 2 1 1
99 1 none 0 1 3 3 3 1 2 3 2 1
99 1 none 1 1 3 2 1 2 3 2 3 1
100 1 none 0 3 3 2 2 1 2 1 1 1
100 1 none 1 2 1 3 1 2 1 1 2 2
101 1 none 0 3 3 1 3 2 1 3 2 1
101 1 none 1 3 1 2 1 2 3 2 3 1
102 1 none 0 1 1 1 1 2 2 3 2 3
102 1 none 1 2 1 1 1 2 1 2 3 2
103 1 none 0 1 2 3 1 3 2 1 1 2
103 1 none 1 1 2 1 1 2 3 3 2 3
104 1 none 0 1 3 1 2 1 2 3 2 1
104 1 none 1 2 2 2 1 1 2 1 3 1
105 1 none 0 2 1 2 3 1 3 3 1 3
105 1 none 1 3 1 3 1 1 3 2 2 2
106 1 none 0 1 3 3 1 3 3 1 2 2
106 1 none 1 1 2 2 3 1 2 1 1 2
107 1 none 0 1 3 2 1 2 3 1 2 1
107 1 none 1 1 1 2 1 2 2 2 3 1
108 1 none 0 2 2 1 1 1 1 3 3 2
108 1 none 1 2 1 1 2 3 1 2 1 2
109 1 none 0 2 3 1 1 1 2 1 2 3
109 1 none 1 1 3 2 1 2 1 2 3 3
110 1 none 0 2 1 2 2 1 2 1 1 1
110 1 none 1 1 1 2 2 3 2 1 1 2
111 1 none 0 2 1 2 1 1 1 2 2 1
111 1 none 1 1 3 3 1 3 1 2 2 2
112 1 none 0 2 3 1 1 2 1 3 2 1
112 1 none 1 2 2 2 1 2 1 3 1 1
113 1 none 0 2 2 1 1 2 2 1 1 1
113 1 none 1 2 1 3 2 3 1 2 1 3
114 1 none 0 1 2 1 2 1 2 2 1 1
114 1 none 1 2 3 1 1 2 1 3 3 2
115 1 none 0 1 3 3 2 1 1 2 2 1
115 1 none 1 1 3 1 2 2 2 3 3 1
116 1 none 0 1 2 2 3 1 3 1 2 1
116 1 none 1 2 1 1 3 2 3 3 1 2
117 1 none 0 1 1 1 3 2 2 1 3 2
117 1 none 1 1 3 2 3 3 2 1 1 2
118 1 none 0 1 1 1 1 3 2 2 2 3
118 1 none 1 1 3 1 2 2 2 1 3 3
119 1 none 0 3 3 3 2 2 3 1 1 1
119 1 none 1 1 1 2 3 1 2 3 3 2
120 1 none 0 1 1 2 2 1 2 3 1 3
120 1 none 1 1 2 2 3 2 1 2 1 1
121 1 none 0 1 1 2 1 2 2 1 2 1
121 1 none 1 1 1 2 3 2 3 2 1 3
122 1 none 0 3 3 1 2 1 2 1 3 3
122 1 none 1 1 1 2 1 3 2 2 1 2
123 1 none 0 2 1 2 2 3 3 1 1 1
123 1 none 1 2 3 2 1 2 1 2 1 1
124 1 none 0 2 3 1 3 1 2 1 2 1
124 1 none 1 1 2 3 3 2 1 3 2 1
125 1 none 0 3 1 3 3 1 2 3 1 2
125 1 none 1 1 3 1 2 2 2 3 1 3
126 1 none 0 3 1 3 2 1 3 2 1 3
126 1 none 1 3 3 2 1 2 1 2 1 3
127 1 none 0 2 1 1 2 2 1 1 2 1
127 1 none 1 2 2 2 3 1 1 1 1 2
128 1 none 0 1 3 2 2 1 1 3 2 1
128 1 none 1 3 3 2 1 2 3 2 1 1
129 1 none 0 1 2 1 2 2 1 2 1 1
129 1 none 1 3 3 2 1 1 2 1 3 2
130 1 none 0 1 2 2 1 1 3 3 2 1
130 1 none 1 1 2 3 1 2 3 3 2 1
131 1 none 0 1 1 1 2 3 3 3 3 2
131 1 none 1 2 2 2 1 1 3 1 3 3
132 1 none 0 2 2 1 2 1 3 1 1 3
132 1 none 1 2 3 1 2 2 1 1 1 2
133 1 none 0 1 3 3 2 1 2 2 1 1
133 1 none 1 1 1 2 2 2 1 2 1 3
134 1 none 0 1 1 1 1 2 2 2 3 3
134 1 none 1 2 2 2 3 3 1 1 1 3
135 1 none 0 3 1 2 2 1 1 2 1 3
135 1 none 1 2 1 1 2 3 3 2 1 3
136 1 none 0 3 3 3 1 1 1 3 2 2
136 1 none 1 2 2 1 1 2 1 1 2 3
137 1 none 0 1 3 2 1 1 3 1 2 2
137 1 none 1 2 1 1 2 2 2 3 1 1
138 1 none 0 1 2 2 2 2 1 1 1 1
138 1 none 1 2 1 3 2 3 3 2 1 1
139 1 none 0 2 2 1 1 1 2 1 2 1
139 1 none 1 2 2 2 1 1 2 1 1 3
140 1 none 0 2 1 1 2 1 2 1 2 1
140 1 none 1 1 2 1 1 1 3 2 2 2
141 1 none 0 3 3 1 3 3 1 2 2 1
141 1 none 1 1 3 2 2 1 2 1 1 2
142 1 none 0 1 3 1 3 1 2 2 2 1
142 1 none 1 1 3 1 2 2 2 1 1 2
143 1 none 0 3 2 1 3 1 3 1 3 2
143 1 none 1 1 2 1 3 2 3 1 2 3
144 1 none 0 1 1 2 3 1 2 2 1 3
144 1 none 1 2 1 3 2 2 1 2 1 1
145 1 none 0 3 3 2 1 1 1 1 2 2
145 1 none 1 2 1 1 2 2 3 2 1 1
146 1 none 0 2 3 1 3 1 3 1 3 2
146 1 none 1 2 2 2 3 1 1 3 3 1
147 1 none 0 1 3 1 2 1 2 2 3 1
147 1 none 1 3 1 3 2 2 2 1 1 3
148 1 none 0 2 1 1 2 2 1 3 3 1
148 1 none 1 3 1 2 1 2 3 2 1 3
149 1 none 0 2 1 3 2 1 1 3 1 2
149 1 none 1 1 1 3 3 3 1 2 2 2
150 1 none 0 2 1 2 3 1 3 2 1 1
150 1 none 1 1 1 2 3 2 2 2 1 1
151 1 none 0 3 2 1 1 1 1 2 3 2
151 1 none 1 1 1 2 2 2 3 2 1 1
152 1 none 0 1 3 1 2 1 2 1 2 3
152 1 none 1 2 2 2 3 1 1 2 1 1
153 1 none 0 3 3 1 3 1 2 1 2 3
153 1 none 1 1 2 1 2 2 2 3 1 1
154 1 none 0 1 1 1 2 2 3 1 2 3
154 1 none 1 3 1 1 2 2 2 1 2 1
155 1 none 0 1 3 2 1 1 1 2 3 2
155 1 none 1 1 3 2 3 2 3 2 1 1
156 1 none 0 1 2 1 1 1 2 2 2 1
156 1 none 1 3 1 2 1 3 2 3 1 2
157 1 none 0 2 2 3 1 1 1 3 1 2
157 1 none 1 1 1 2 3 2 1 2 2 1
158 1 none 0 2 1 2 3 1 3 1 1 2
158 1 none 1 1 3 2 1 2 3 2 1 3
159 1 none 0 2 3 2 1 1 1 2 1 3
159 1 none 1 1 1 2 3 2 3 2 3 1
160 1 none 0 3 2 2 1 3 2 1 1 1
160 1 none 1 2 1 1 3 2 3 1 3 2
161 1 none 0 1 1 1 3 3 2 2 1 2
161 1 none 1 2 1 3 2 1 3 2 3 1
162 1 none 0 1 1 1 2 3 2 1 3 2
162 1 none 1 1 1 2 3 1 1 2 2 2
163 1 none 0 1 2 3 3 1 3 2 3 1
163 1 none 1 2 2 1 1 2 3 1 1 2
164 1 none 0 1 3 1 2 2 1 2 3 1
164 1 none 1 2 3 1 3 2 1 1 3 2
165 1 none 0 2 2 1 1 1 1 1 2 2
165 1 none 1 1 1 3 2 1 1 2 2 2
166 1 none 0 2 2 3 1 1 1 3 2 1
166 1 none 1 2 1 2 1 3 2 1 1 2
167 1 none 0 1 2 3 1 2 2 1 1 3
167 1 none 1 3 3 1 1 1 3 2 2 2
168 1 none 0 3 2 1 2 1 2 1 1 3
168 1 none 1 1 1 2 1 1 2 2 3 2
169 1 none 0 1 1 1 1 3 2 2 3 2
169 1 none 1 1 1 3 1 3 3 2 2 2
170 1 none 0 2 2 1 3 1 1 3 2 1
170 1 none 1 1 2 1 1 1 2 2 1 2
171 1 none 0 3 1 1 2 1 2 3 1 2
171 1 none 1 2 1 1 1 2 3 1 2 2
172 1 none 0 2 1 2 3 3 2 1 1 1
172 1 none 1 1 1 2 1 3 1 2 2 2
173 1 none 0 1 2 2 1 1 2 1 2 1
173 1 none 1 3 1 2 1 2 1 2 2 1
174 1 none 0 1 3 3 1 2 3 1 2 3
174 1 none 1 2 1 2 3 2 1 1 1 2
175 1 none 0 3 3 1 2 2 1 2 1 1
175 1 none 1 1 3 2 1 2 1 2 2 1
176 1 none 0 1 2 2 2 1 3 1 3 1
176 1 none 1 2 1 2 2 1 1 1 2 1
177 1 none 0 2 1 3 1 1 1 2 3 2
177 1 none 1 3 3 2 1 1 2 3 1 2
178 1 none 0 1 1 1 2 3 3 2 3 3
178 1 none 1 1 2 3 1 2 1 2 2 1
179 1 none 0 1 2 3 1 1 2 1 3 2
179 1 none 1 3 1 1 2 2 2 1 1 2
180 1 none 0 1 1 1 3 2 1 3 2 2
180 1 none 1 3 2 2 1 2 1 2 1 1
181 1 none 0 3 2 1 2 1 1 1 3 2
181 1 none 1 3 2 1 1 2 1 3 2 3
182 1 none 0 1 1 1 2 3 1 2 2 3
182 1 none 1 2 1 3 1 2 1 3 3 2
183 1 none 0 2 2 1 2 3 3 1 1 1
183 1 none 1 2 2 1 1 2 3 1 2 1
184 1 none 0 1 3 2 3 1 2 1 2 1
184 1 none 1 2 1 2 2 1 1 2 3 1
185 1 none 0 3 3 1 3 1 2 1 3 2
185 1 none 1 1 2 1 2 1 1 2 1 2
186 1 none 0 2 3 2 1 1 1 3 2 1
186 1 none 1 1 3 2 3 2 1 2 1 3
187 1 none 0 1 3 1 1 2 3 1 2 2
187 1 none 1 1 3 2 3 2 1 2 3 1
188 1 none 0 1 2 2 1 3 2 1 3 1
188 1 none 1 1 2 1 2 2 1 1 2 3
189 1 none 0 3 1 3 2 1 1 2 1 2
189 1 none 1 3 1 1 1 1 2 2 2 2
190 1 none 0 3 3 1 1 2 1 2 2 1
190 1 none 1 1 3 2 1 1 2 3 3 2
191 1 none 0 1 3 2 1 2 1 1 3 2
191 1 none 1 1 1 2 3 1 2 1 2 2
192 1 none 0 2 3 2 1 1 1 3 3 3
192 1 none 1 2 1 2 1 2 1 3 1 2
193 1 none 0 1 2 3 1 1 1 3 2 2
193 1 none 1 1 3 2 3 1 2 3 1 2
194 1 none 0 3 2 3 1 1 1 2 3 3
194 1 none 1 3 1 3 1 3 1 2 2 2
195 1 none 0 3 1 3 1 1 2 2 1 2
195 1 none 1 2 1 1 2 1 1 2 3 2
196 1 none 0 1 2 2 2 1 3 3 1 1
196 1 none 1 3 2 2 1 1 2 1 1 2
197 1 none 0 1 3 3 1 1 2 2 2 1
197 1 none 1 2 2 3 1 2 1 1 2 1
198 1 none 0 2 2 3 1 1 1 1 3 2
198 1 none 1 2 2 2 3 1 1 1 3 3
199 1 none 0 2 2 1 3 1 3 1 2 1
199 1 none 1 2 3 1 2 1 3 2 3 1
200 1 none 0 3 2 2 1 1 1 1 2 3
200 1 none 1 2 1 3 1 2 3 3 1 2
201 1 none 0 3 2 1 1 1 3 1 2 2
201 1 none 1 2 3 3 2 1 1 2 3 1
202 1 none 0 3 1 3 2 1 2 1 1 2
202 1 none 1 1 1 2 2 1 2 1 3 2
203 1 none 0 2 2 1 2 1 1 1 1 2
203 1 none 1 1 3 3 2 2 2 1 1 3
204 1 none 0 3 2 3 1 1 1 2 1 2
204 1 none 1 1 1 2 2 2 1 1 2 1
205 1 none 0 1 1 2 3 1 2 3 2 1
205 1 none 1 2 1 3 1 2 1 2 1 2
206 1 none 0 3 1 2 3 1 3 2 1 3
206 1 none 1 2 2 2 1 3 1 3 1 3
207 1 none 0 1 2 2 1 2 2 1 1 1
207 1 none 1 2 1 2 1 2 1 2 3 1
208 1 none 0 3 3 3 1 1 1 2 3 2
208 1 none 1 2 3 3 2 1 3 2 1 1
209 0 none 0 1 3 2 3 1 3 3 2 1
209 0 none 0 2 2 3 1 2 3 1 1 1
210 0 none 0 1 2 1 1 2 2 1 1 2
210 0 none 0 3 1 1 2 2 1 2 3 1
211 0 none 0 1 1 1 3 1 2 2 3 2
211 0 none 0 1 2 2 3 3 2 1 1 1
212 0 none 0 1 3 3 1 2 3 1 3 2
212 0 none 0 2 3 3 1 1 1 1 2 2
213 0 none 0 1 1 1 3 3 2 1 2 2
213 0 none 0 2 3 1 3 1 3 1 2 3
214 0 none 0 1 1 1 1 2 3 2 2 3
214 0 none 0 1 2 1 3 1 2 1 2 3
215 0 none 0 1 1 1 2 2 1 1 2 2
215 0 none 0 1 1 2 2 1 3 3 2 1
216 0 none 0 3 1 2 1 1 3 2 1 2
216 0 none 0 3 2 1 3 2 1 3 3 1
217 0 none 0 1 1 3 2 1 3 2 1 2
217 0 none 0 2 2 1 3 3 2 1 1 1
218 0 none 0 1 2 3 1 2 1 1 3 2
218 0 none 0 3 3 2 2 3 3 1 1 1
219 0 none 0 2 3 1 3 1 2 1 3 3
219 0 none 0 3 2 1 3 1 2 1 2 1
220 0 none 0 2 3 2 2 1 3 1 1 1
220 0 none 0 3 1 2 3 1 1 2 1 2
221 0 none 0 2 2 1 2 1 2 1 1 1
221 0 none 0 3 3 1 3 1 3 1 2 2
222 0 none 0 1 2 2 2 1 1 2 1 1
222 0 none 0 3 3 1 1 1 2 1 2 2
223 0 none 0 1 1 2 2 1 2 1 2 1
223 0 none 0 1 3 1 1 3 2 1 2 2
224 0 none 0 1 1 3 2 1 2 3 1 2
224 0 none 0 1 2 2 1 1 1 2 3 3
225 0 none 0 1 1 2 1 3 3 1 2 2
225 0 none 0 2 3 2 1 1 1 3 1 2
226 0 none 0 1 1 1 2 2 1 2 3 3
226 0 none 0 3 2 2 3 3 3 1 1 1
227 0 none 0 1 1 1 3 3 2 2 2 1
227 0 none 0 3 2 1 2 1 2 1 3 1
228 0 none 0 1 1 1 2 2 3 2 3 1
228 0 none 0 3 2 1 2 1 1 3 2 1
229 0 none 0 1 1 1 2 1 2 1 2 2
229 0 none 0 3 3 3 3 2 2 1 1 1
230 0 none 0 1 3 2 1 1 2 2 3 1
230 0 none 0 2 3 3 2 3 3 1 1 1
231 0 none 0 2 1 2 3 1 2 3 1 1
231 0 none 0 2 1 3 2 1 3 3 1 3
232 0 none 0 1 1 1 3 3 3 3 2 2
232 0 none 0 2 2 1 1 1 3 1 2 3
233 0 none 0 2 1 3 2 1 3 1 1 2
233 0 none 0 2 2 1 3 2 1 3 1 1
234 0 none 0 3 1 2 1 1 2 2 1 3
234 0 none 0 3 2 3 2 1 2 1 1 1
235 0 none 0 1 1 2 2 1 1 2 2 1
235 0 none 0 3 2 2 3 2 1 1 1 1
236 0 none 0 2 1 1 3 1 2 1 3 2
236 0 none 0 3 1 1 2 2 1 3 2 1
237 0 none 0 1 2 3 2 1 2 1 3 1
237 0 none 0 2 1 1 3 1 2 3 1 2
238 0 none 0 2 1 1 2 3 1 3 2 1
238 0 none 0 3 2 1 1 1 2 1 2 3
239 0 none 0 2 3 1 3 3 1 3 2 1
239 0 none 0 3 1 3 2 1 2 3 1 3
240 0 none 0 2 1 3 2 3 2 1 1 1
240 0 none 0 3 1 1 2 1 3 1 2 2
241 0 none 0 1 1 1 3 3 2 3 3 2
241 0 none 0 2 3 2 1 3 2 1 1 1
242 0 none 0 1 2 3 1 1 2 1 2 3
242 0 none 0 3 2 1 3 1 3 1 2 3
243 0 none 0 1 1 1 2 1 2 2 3 3
243 0 none 0 1 3 1 2 3 1 2 2 1
244 0 none 0 1 2 3 3 1 2 2 1 1
244 0 none 0 3 2 2 2 3 1 1 1 1
245 0 none 0 1 2 1 3 1 2 3 2 1
245 0 none 0 2 3 1 1 1 1 3 2 2
246 0 none 0 1 2 1 2 2 1 3 3 1
246 0 none 0 1 2 2 2 3 3 1 1 1
247 0 none 0 1 2 2 2 1 2 1 1 1
247 0 none 0 1 2 2 3 2 3 1 1 1
248 0 none 0 1 1 1 2 3 3 2 2 1
248 0 none 0 1 1 2 3 1 3 2 2 1
249 0 none 0 2 2 3 2 1 3 1 1 1
249 0 none 0 3 2 1 3 1 1 2 2 1
250 0 none 0 1 1 1 3 2 2 3 3 3
250 0 none 0 1 1 2 1 2 3 1 3 2
251 0 none 0 2 1 2 2 1 3 1 1 3
251 0 none 0 3 1 2 1 1 1 2 2 3
252 0 none 0 1 2 2 2 1 1 1 2 1
252 0 none 0 3 2 3 2 3 3 1 1 1
253 0 none 0 1 2 1 2 3 1 3 2 1
253 0 none 0 3 1 1 3 2 1 2 2 1
254 0 none 0 1 2 3 2 2 3 1 1 1
254 0 none 0 2 3 2 2 3 1 1 1 1
255 0 none 0 1 3 2 3 1 3 2 3 1
255 0 none 0 1 3 3 1 3 2 1 3 2
256 0 none 0 1 1 1 2 3 3 2 1 2
256 0 none 0 2 2 3 3 1 2 1 1 1
257 0 none 0 2 3 1 2 1 3 1 1 2
257 0 none 0 2 3 3 1 1 1 2 1 2
258 0 none 0 1 1 1 2 1 3 3 2 2
258 0 none 0 1 1 1 2 2 3 2 1 3
259 0 none 0 1 2 3 2 1 3 2 1 1
259 0 none 0 2 2 3 1 1 1 3 3 3
260 0 none 0 1 1 1 3 2 2 1 2 3
260 0 none 0 3 3 1 3 2 1 2 3 1
261 0 none 0 1 3 2 1 3 3 1 3 2
261 0 none 0 2 3 3 2 2 1 1 1 1
262 0 none 0 1 1 3 2 1 2 2 3 1
262 0 none 0 1 3 3 1 1 2 1 2 2
263 0 none 0 1 1 1 2 2 1 3 3 2
263 0 none 0 3 3 1 2 3 1 2 3 1
264 0 none 0 1 1 1 2 2 3 3 1 2
264 0 none 0 1 1 2 3 1 2 2 3 1
265 0 none 0 1 2 2 1 1 1 2 2 1
265 0 none 0 2 1 2 3 1 1 2 1 3
266 0 none 0 1 2 2 1 3 3 1 2 1
266 0 none 0 3 3 1 2 1 1 2 2 1
267 0 none 0 1 1 1 2 2 1 2 1 2
267 0 none 0 3 3 2 2 2 1 1 1 1
268 0 none 0 1 2 2 3 1 2 1 3 1
268 0 none 0 3 1 1 2 1 3 2 1 2
269 0 none 0 1 3 1 3 2 1 2 2 1
269 0 none 0 3 3 1 2 1 1 1 2 2
270 0 none 0 1 1 1 2 3 2 1 2 3
270 0 none 0 2 1 2 3 1 1 3 1 2
271 0 none 0 1 2 2 1 1 3 1 3 2
271 0 none 0 2 1 1 2 1 2 3 1 3
272 0 none 0 1 1 1 1 2 2 1 2 2
272 0 none 0 1 1 1 2 3 1 3 2 2
273 0 none 0 1 2 1 1 3 2 1 3 2
273 0 none 0 2 1 2 1 1 1 2 1 2
274 0 none 0 1 1 1 1 3 2 3 2 2
274 0 none 0 1 3 2 3 1 1 2 2 1
275 0 none 0 1 2 2 1 2 1 1 1 2
275 0 none 0 3 1 2 3 1 3 3 1 2
276 0 none 0 1 1 2 2 1 3 3 1 2
276 0 none 0 3 1 2 3 1 2 2 1 1
277 0 none 0 2 1 3 2 2 3 1 1 1
277 0 none 0 3 1 2 2 2 3 1 1 1
278 0 none 0 2 1 2 2 1 1 3 1 3
278 0 none 0 2 3 2 3 1 2 1 1 1
279 0 none 0 2 1 1 3 1 2 1 2 3
279 0 none 0 3 2 2 1 2 3 1 1 1
280 0 none 0 3 1 2 2 3 2 1 1 1
280 0 none 0 3 1 3 3 1 3 2 1 2
281 0 none 0 1 1 1 3 3 2 2 3 3
281 0 none 0 1 3 2 1 3 3 1 2 3
282 0 none 0 2 1 1 1 2 1 2 2 1
282 0 none 0 2 2 1 2 3 1 3 1 1
283 0 none 0 1 2 2 1 2 3 1 3 1
283 0 none 0 1 3 3 2 1 2 3 3 1
284 0 none 0 1 2 2 3 1 2 3 1 1
284 0 none 0 2 2 1 3 1 2 1 3 1
285 0 none 0 2 3 3 1 1 1 2 2 1
285 0 none 0 3 2 3 3 2 3 1 1 1
286 0 none 0 1 2 2 1 1 3 2 3 1
286 0 none 0 2 1 2 1 1 1 3 2 3
287 0 none 0 1 1 3 1 3 2 1 2 2
287 0 none 0 2 3 1 2 1 2 1 1 3
288 0 none 0 1 1 1 3 2 1 2 2 3
288 0 none 0 1 1 3 2 1 2 2 1 3
289 0 none 0 2 2 1 1 1 2 1 1 2
289 0 none 0 3 1 1 2 3 1 2 2 1
290 0 none 0 1 3 2 1 2 3 1 3 3
290 0 none 0 3 3 2 1 1 1 3 2 3
291 0 none 0 1 1 1 2 2 1 2 2 1
291 0 none 0 1 1 2 2 1 3 2 1 3
292 0 none 0 2 2 1 3 1 1 1 3 2
292 0 none 0 3 2 3 2 2 1 1 1 1
293 0 none 0 1 2 2 1 1 2 2 1 1
293 0 none 0 2 1 2 2 1 3 3 1 1
294 0 none 0 1 1 3 1 2 3 1 2 2
294 0 none 0 3 2 1 2 2 1 1 3 1
295 0 none 0 1 3 3 1 3 2 1 2 3
295 0 none 0 3 2 3 1 1 1 3 2 3
296 0 none 0 2 1 3 3 1 2 2 1 1
296 0 none 0 3 3 2 1 1 1 3 3 2
297 0 none 0 1 2 1 2 1 2 1 2 1
297 0 none 0 3 1 2 3 2 2 1 1 1
298 0 none 0 2 1 1 1 1 2 1 2 2
298 0 none 0 2 3 3 1 1 1 3 3 2
299 0 none 0 2 2 1 1 3 1 3 2 1
299 0 none 0 2 3 1 3 3 1 2 3 1
300 0 none 0 2 1 3 1 1 1 2 2 3
300 0 none 0 2 3 2 1 1 1 1 3 2
301 0 none 0 2 3 1 2 3 1 3 3 1
301 0 none 0 3 1 1 3 1 2 2 1 2
302 0 none 0 1 2 3 3 2 2 1 1 1
302 0 none 0 3 1 2 2 1 3 2 1 1
303 0 none 0 1 2 3 2 1 3 1 2 1
303 0 none 0 2 2 1 1 1 2 1 3 3
304 0 none 0 1 3 1 2 2 1 3 2 1
304 0 none 0 3 1 2 2 1 3 3 1 3
305 0 none 0 1 2 2 1 3 2 1 1 3
305 0 none 0 2 3 1 3 2 1 2 1 1
306 0 none 0 1 3 2 1 2 2 1 1 3
306 0 none 0 2 1 3 2 1 2 3 1 1
307 0 none 0 1 1 1 2 1 2 2 2 1
307 0 none 0 1 1 3 2 1 3 2 2 1
308 0 none 0 2 1 2 1 1 1 1 2 2
308 0 none 0 2 1 2 2 2 1 1 1 1
309 0 none 0 1 2 2 1 2 3 1 1 3
309 0 none 0 1 2 3 1 3 1 1 2 2
310 0 none 0 1 2 2 1 1 2 1 3 3
310 0 none 0 1 3 2 1 2 2 1 3 1
311 0 none 0 1 2 2 3 1 3 3 3 1
311 0 none 0 2 1 2 1 1 1 2 3 3
312 0 none 0 2 1 1 3 3 1 2 2 1
312 0 none 0 2 2 1 3 2 3 1 1 1
313 0 none 0 1 2 3 1 3 3 1 2 3
313 0 none 0 2 1 3 3 1 3 2 1 3
314 0 none 0 1 1 1 3 2 3 2 2 1
314 0 none 0 1 3 1 1 2 2 1 3 2
315 0 none 0 1 3 1 2 1 3 1 2 2
315 0 none 0 2 1 3 3 1 2 3 1 3
316 0 none 0 2 1 2 1 2 2 1 1 1
316 0 none 0 2 1 3 3 2 2 1 1 1
317 0 none 0 1 2 1 3 1 2 2 3 1
317 0 none 0 2 1 2 2 1 1 1 1 2
318 0 none 0 1 2 3 1 1 3 1 2 2
318 0 none 0 3 2 2 1 1 1 1 3 2
319 0 none 0 1 2 3 1 3 3 1 3 2
319 0 none 0 3 2 1 2 3 2 1 1 1
320 0 none 0 2 2 1 1 1 1 2 3 3
320 0 none 0 2 3 2 1 1 1 1 2 3
321 0 none 0 1 1 3 1 2 2 1 2 3
321 0 none 0 1 2 1 1 3 3 1 2 2
322 0 none 0 1 1 1 3 3 3 2 3 2
322 0 none 0 1 2 1 1 2 3 1 3 2
323 0 none 0 1 1 1 1 2 2 2 2 1
323 0 none 0 2 3 1 1 1 1 2 3 2
324 0 none 0 1 1 1 3 2 2 3 2 1
324 0 none 0 2 3 2 1 2 3 1 1 1
325 0 none 0 1 2 1 2 1 3 1 3 2
325 0 none 0 1 3 3 2 1 3 3 2 1
326 0 none 0 2 1 1 2 1 3 3 1 2
326 0 none 0 2 1 2 1 1 3 3 1 2
327 0 none 0 2 1 1 3 1 2 2 1 3
327 0 none 0 3 2 3 1 1 1 1 2 2
328 0 none 0 1 2 1 2 1 1 2 2 1
328 0 none 0 1 2 3 1 2 2 1 3 1
329 0 none 0 1 2 1 2 1 1 1 2 2
329 0 none 0 3 1 1 3 1 2 1 2 2
330 0 none 0 1 1 1 3 2 1 2 3 2
330 0 none 0 2 1 2 1 1 2 2 1 1
331 0 none 0 1 3 2 1 1 1 2 2 3
331 0 none 0 2 1 1 3 2 1 3 2 1
332 0 none 0 1 2 2 2 1 1 3 3 1
332 0 none 0 2 2 1 2 1 1 3 3 1
333 0 none 0 1 3 2 2 1 3 2 1 1
333 0 none 0 2 1 1 2 1 2 1 3 3
334 0 none 0 1 1 1 2 2 3 3 2 1
334 0 none 0 1 3 1 2 1 3 2 2 1
335 0 none 0 1 1 1 2 3 2 2 3 1
335 0 none 0 2 3 1 3 1 2 1 1 2
336 0 none 0 1 2 1 3 1 3 2 2 1
336 0 none 0 2 2 1 3 1 1 2 3 1
337 0 none 0 2 1 3 1 1 1 3 2 2
337 0 none 0 2 2 1 3 1 3 1 1 2
338 0 none 0 1 2 3 2 1 3 3 3 1
338 0 none 0 3 2 3 3 3 2 1 1 1
339 0 none 0 1 2 2 3 1 1 3 2 1
339 0 none 0 2 1 2 1 1 1 3 3 2
340 0 none 0 1 1 1 2 3 1 2 3 2
340 0 none 0 2 3 1 1 1 3 1 2 2
341 0 none 0 1 2 2 1 2 1 1 3 3
341 0 none 0 3 2 1 2 1 1 2 3 1
342 0 none 0 1 2 2 1 1 1 3 2 3
342 0 none 0 2 1 1 2 1 3 1 2 3
343 0 none 0 3 1 1 2 1 2 2 1 3
343 0 none 0 3 3 1 2 3 1 3 2 1
344 0 none 0 1 2 2 1 1 2 3 3 1
344 0 none 0 2 3 1 2 1 3 1 3 3
345 0 none 0 1 2 2 3 1 1 2 3 1
345 0 none 0 2 3 1 2 1 1 1 3 2
346 0 none 0 1 2 1 2 1 3 3 2 1
346 0 none 0 1 3 3 1 2 2 1 3 3
347 0 none 0 1 1 3 3 1 2 2 1 2
347 0 none 0 1 2 1 3 1 2 1 3 2
348 0 none 0 1 2 1 2 1 3 2 3 1
348 0 none 0 1 3 3 1 2 1 1 2 2
349 0 none 0 1 2 2 1 3 1 1 3 2
349 0 none 0 1 2 3 2 1 1 2 3 1
350 0 none 0 2 3 1 2 1 2 1 3 1
350 0 none 0 3 2 1 3 1 2 1 3 3
351 0 none 0 2 1 3 2 1 2 1 1 3
351 0 none 0 2 2 1 2 3 1 1 3 1
352 0 none 0 1 3 2 1 2 3 1 1 2
352 0 none 0 1 3 3 2 1 3 2 3 1
353 0 none 0 1 1 3 1 2 2 1 3 2
353 0 none 0 3 3 1 2 1 2 1 2 1
354 0 none 0 1 2 1 2 1 3 1 2 3
354 0 none 0 1 2 1 3 2 1 2 3 1
355 0 none 0 1 2 2 1 1 1 3 3 2
355 0 none 0 3 2 1 1 1 2 1 3 2
356 0 none 0 1 3 2 1 2 1 1 2 3
356 0 none 0 3 3 2 3 2 3 1 1 1
357 0 none 0 1 1 1 2 2 3 3 3 3
357 0 none 0 3 2 1 2 3 1 2 1 1
358 0 none 0 1 2 3 2 1 2 3 1 1
358 0 none 0 3 1 3 2 1 3 3 1 2
359 0 none 0 1 1 1 3 1 2 2 2 3
359 0 none 0 1 2 3 3 1 3 3 2 1
360 0 none 0 2 3 1 2 2 1 1 3 1
360 0 none 0 3 2 2 3 1 2 1 1 1
361 0 none 0 1 1 2 1 3 2 1 2 3
361 0 none 0 2 3 3 1 1 1 2 3 3
362 0 none 0 1 2 3 1 3 2 1 3 3
362 0 none 0 2 2 1 2 2 1 1 1 1
363 0 none 0 3 2 1 3 2 2 1 1 1
363 0 none 0 3 2 2 2 1 3 1 1 1
364 0 none 0 1 1 1 2 1 2 2 1 2
364 0 none 0 1 3 3 3 1 3 2 2 1
365 0 none 0 1 1 1 2 3 3 1 2 2
365 0 none 0 1 3 2 2 3 2 1 1 1
366 0 none 0 1 1 1 2 1 3 2 2 3
366 0 none 0 1 3 2 1 1 2 1 2 3
367 0 none 0 1 3 2 1 3 2 1 3 3
367 0 none 0 2 3 1 2 2 1 3 1 1
368 0 none 0 1 1 1 3 3 2 3 2 3
368 0 none 0 1 1 1 3 3 3 2 2 3
369 0 none 0 2 1 2 1 1 2 3 1 3
369 0 none 0 2 2 1 1 1 3 1 3 2
370 0 none 0 1 2 1 1 1 2 1 2 2
370 0 none 0 2 1 1 2 1 3 1 3 2
371 0 none 0 1 3 3 2 1 2 1 2 1
371 0 none 0 3 3 2 1 1 1 2 3 3
372 0 none 0 1 2 1 2 3 1 2 3 1
372 0 none 0 2 3 3 3 3 2 1 1 1
373 0 none 0 2 3 1 2 1 1 1 2 3
373 0 none 0 3 2 1 2 3 1 1 2 1
374 0 none 0 1 2 1 2 1 2 1 1 2
374 0 none 0 3 2 1 3 2 1 2 1 1
375 0 none 0 1 1 2 1 1 2 2 2 1
375 0 none 0 1 2 3 1 1 2 3 2 1
376 0 none 0 1 2 1 3 1 3 1 2 2
376 0 none 0 1 2 3 3 1 2 1 2 1
377 0 none 0 1 1 1 1 2 3 2 3 2
377 0 none 0 1 2 3 2 1 1 3 2 1
378 0 none 0 2 2 1 3 1 3 1 3 3
378 0 none 0 3 2 1 3 3 1 3 2 1
379 0 none 0 1 1 1 1 2 2 2 1 2
379 0 none 0 1 1 1 2 1 3 2 3 2
380 0 none 0 1 1 3 2 1 2 3 2 1
380 0 none 0 2 2 3 2 3 1 1 1 1
381 0 none 0 1 1 2 3 1 3 2 1 2
381 0 none 0 2 2 1 2 1 1 1 2 1
382 0 none 0 1 1 1 3 2 3 2 3 3
382 0 none 0 1 3 2 2 1 1 2 3 1
383 0 none 0 1 1 1 2 3 2 3 3 3
383 0 none 0 3 2 1 2 3 1 3 3 1
384 0 none 0 1 3 1 2 1 2 1 3 2
384 0 none 0 3 2 1 1 1 1 2 2 3
385 0 none 0 1 1 1 1 2 2 3 3 2
385 0 none 0 2 2 1 3 1 2 1 1 3
386 0 none 0 1 2 3 1 1 3 2 2 1
386 0 none 0 3 2 1 1 3 1 2 2 1
387 0 none 0 1 3 2 1 3 1 1 2 2
387 0 none 0 2 3 1 3 1 1 1 2 2
388 0 none 0 1 2 2 3 1 3 2 1 1
388 0 none 0 2 1 3 3 1 3 3 1 2
389 0 none 0 1 3 1 3 1 2 1 2 2
389 0 none 0 1 3 3 1 2 2 1 2 1
390 0 none 0 1 1 1 2 2 3 1 3 2
390 0 none 0 1 2 2 1 3 3 1 1 2
391 0 none 0 2 1 1 1 1 2 2 1 2
391 0 none 0 2 3 3 3 2 3 1 1 1
392 0 none 0 3 2 2 1 1 1 2 1 3
392 0 none 0 3 2 2 1 1 1 3 2 1
393 0 none 0 2 2 1 1 1 1 3 2 3
393 0 none 0 3 2 2 1 1 1 3 3 3
394 0 none 0 2 2 1 3 3 1 1 2 1
394 0 none 0 3 1 2 1 1 1 3 2 2
395 0 none 0 3 2 1 1 2 1 2 3 1
395 0 none 0 3 2 2 1 1 1 3 1 2
396 0 none 0 1 2 2 1 1 3 1 2 3
396 0 none 0 2 3 1 2 1 3 1 2 1
397 0 none 0 1 1 2 2 1 2 2 1 1
397 0 none 0 3 1 2 2 1 2 1 1 3
398 0 none 0 1 3 2 2 1 3 3 3 1
398 0 none 0 3 2 1 2 1 1 1 2 3
399 0 none 0 1 1 1 3 2 3 2 1 2
399 0 none 0 2 2 1 1 3 1 2 3 1
400 0 none 0 2 2 3 3 2 1 1 1 1
400 0 none 0 3 1 1 2 1 2 1 2 3
401 0 none 0 1 1 1 2 2 1 3 2 3
401 0 none 0 1 2 3 3 1 1 2 2 1
402 0 none 0 2 1 3 1 1 2 2 1 3
402 0 none 0 3 2 1 3 3 1 2 3 1
403 0 none 0 1 3 2 2 1 2 1 3 1
403 0 none 0 3 3 3 1 1 1 2 2 3
404 0 none 0 1 1 2 1 2 3 1 2 3
404 0 none 0 1 3 3 1 2 2 1 1 2
405 0 none 0 1 1 1 2 3 2 3 1 2
405 0 none 0 3 3 2 1 1 1 2 2 1
406 0 none 0 2 2 1 1 1 1 2 2 1
406 0 none 0 2 2 1 2 1 3 1 3 1
407 0 none 0 1 2 1 1 2 2 1 3 3
407 0 none 0 3 1 2 3 1 2 3 1 3
408 0 none 0 1 2 3 1 2 3 1 3 3
408 0 none 0 2 1 2 1 1 3 2 1 3
409 0 none 0 1 3 2 1 3 2 1 2 1
409 0 none 0 2 3 2 3 2 1 1 1 1
410 0 none 0 3 2 3 1 1 1 3 3 2
410 0 none 0 3 2 3 1 2 2 1 1 1
411 0 none 0 2 1 1 3 1 3 2 1 2
411 0 none 0 2 3 1 3 2 1 3 3 1
412 0 none 0 3 2 1 1 1 1 3 2 2
412 0 none 0 3 3 1 2 2 1 1 2 1
413 0 none 0 1 3 3 3 1 2 2 3 1
413 0 none 0 2 1 1 2 1 2 1 1 2
414 0 none 0 2 1 2 3 2 3 1 1 1
414 0 none 0 2 3 1 2 1 1 3 2 1
415 0 none 0 1 1 1 3 2 3 3 3 2
415 0 none 0 3 1 2 2 1 2 3 1 1
416 0 none 0 3 2 2 1 1 1 2 3 1
416 0 none 0 3 2 3 1 1 1 2 2 1
