% Each line corresponds to an instance
% Column1: Bag ID
% Column2: Bag class label
% Column3: Instance ID
% Column4: Instance class label
% Column5->...: Attribute values of the instance (all attributes are numeric)
1 1 none 0 11 7 1750 75
1 1 none 0 14 1 250 14
1 1 none 1 2 2 500 4
2 1 none 0 21 3 750 40
2 1 none 0 2 4 1000 23
2 1 none 1 4 5 1250 26
3 1 none 0 14 8 2000 46
3 1 none 0 4 2 500 4
3 1 none 1 8 8 2000 52
4 1 none 0 2 7 1750 77
4 1 none 0 4 1 250 4
4 1 none 1 2 8 2000 38
5 1 none 0 14 1 250 14
5 1 none 0 4 1 250 4
5 1 none 1 21 2 500 21
6 1 none 0 14 5 1250 26
6 1 none 0 2 2 500 41
6 1 none 1 6 2 500 11
7 1 none 0 14 1 250 14
7 1 none 0 35 3 750 64
7 1 none 1 4 4 1000 43
8 1 none 0 4 5 1250 23
8 1 none 0 7 5 1250 52
8 1 none 1 2 2 500 10
9 1 none 0 21 1 250 21
9 1 none 0 4 1 250 4
9 1 none 1 2 43 10750 86
10 1 none 0 23 3 750 39
10 1 none 0 23 4 1000 45
10 1 none 1 4 1 250 4
11 1 none 0 2 1 250 2
11 1 none 0 23 2 500 87
11 1 none 1 2 6 1500 28
12 1 none 0 4 1 250 4
12 1 none 0 8 15 3750 77
12 1 none 1 2 7 1750 58
13 1 none 0 2 2 500 11
13 1 none 0 4 8 2000 28
13 1 none 1 11 8 2000 52
14 1 none 0 11 5 1250 50
14 1 none 0 23 1 250 23
14 1 none 1 3 1 250 3
15 1 none 0 7 10 2500 47
15 1 none 0 9 1 250 9
15 1 none 1 2 4 1000 14
16 1 none 0 2 1 250 2
16 1 none 0 4 3 750 16
16 1 none 1 2 2 500 4
17 1 none 0 14 1 250 14
17 1 none 0 2 4 1000 26
17 1 none 1 2 13 3250 76
18 1 none 0 4 11 2750 95
18 1 none 0 4 6 1500 47
18 1 none 1 11 14 3500 73
19 1 none 0 14 2 500 14
19 1 none 0 16 12 3000 50
19 1 none 1 2 5 1250 33
20 1 none 0 16 3 750 23
20 1 none 0 2 2 500 11
20 1 none 1 2 13 3250 32
21 1 none 0 16 1 250 16
21 1 none 0 4 2 500 31
21 1 none 1 4 16 4000 38
22 1 none 0 2 1 250 2
22 1 none 0 4 1 250 4
22 1 none 1 4 12 3000 34
23 1 none 0 23 3 750 35
23 1 none 0 7 11 2750 89
23 1 none 1 4 9 2250 38
24 1 none 0 11 1 250 11
24 1 none 0 4 1 250 4
24 1 none 1 2 6 1500 15
25 1 none 0 15 16 4000 82
25 1 none 0 21 3 750 35
25 1 none 1 2 6 1500 16
26 1 none 0 2 12 3000 95
26 1 none 0 4 4 1000 41
26 1 none 1 2 7 1750 14
27 1 none 0 2 1 250 2
27 1 none 0 21 3 750 35
27 1 none 1 4 4 1000 4
28 1 none 0 12 13 3250 59
28 1 none 0 2 11 2750 23
28 1 none 1 2 3 750 16
29 1 none 0 14 4 1000 40
29 1 none 0 23 1 250 23
29 1 none 1 2 5 1250 11
30 1 none 0 2 6 1500 28
30 1 none 0 4 1 250 4
30 1 none 1 11 3 750 16
31 1 none 0 21 1 250 21
31 1 none 0 2 1 250 2
31 1 none 1 4 1 250 4
32 1 none 0 2 3 750 77
32 1 none 0 3 8 2000 50
32 1 none 1 2 11 2750 40
33 1 none 0 14 5 1250 14
33 1 none 0 4 6 1500 35
33 1 none 1 2 2 500 11
34 1 none 0 2 1 250 2
34 1 none 0 23 6 1500 70
34 1 none 1 4 4 1000 14
35 1 none 0 6 17 4250 70
35 1 none 0 9 4 1000 65
35 1 none 1 2 20 5000 45
36 1 none 0 2 1 250 2
36 1 none 0 23 8 2000 69
36 1 none 1 14 2 500 35
37 1 none 0 11 24 6000 64
37 1 none 0 16 7 1750 64
37 1 none 1 14 5 1250 28
38 1 none 0 11 6 1500 26
38 1 none 0 2 7 1750 76
38 1 none 1 2 13 3250 53
39 1 none 0 2 2 500 33
39 1 none 0 4 2 500 29
39 1 none 1 16 7 1750 87
40 1 none 0 2 2 500 2
40 1 none 0 2 9 2250 75
40 1 none 1 2 1 250 2
41 1 none 0 21 5 1250 60
41 1 none 0 3 17 4250 86
41 1 none 1 2 3 750 9
42 1 none 0 14 2 500 14
42 1 none 0 8 2 500 16
42 1 none 1 2 14 3500 48
43 1 none 0 14 5 1250 74
43 1 none 0 16 4 1000 28
43 1 none 1 4 7 1750 32
44 1 none 0 2 2 500 2
44 1 none 0 4 14 3500 40
44 1 none 1 17 7 1750 58
45 1 none 0 14 1 250 14
45 1 none 0 2 3 750 22
45 1 none 1 4 2 500 4
46 1 none 0 16 1 250 16
46 1 none 0 16 3 750 40
46 1 none 1 2 7 1750 46
47 1 none 0 0 3 750 4
47 1 none 0 14 2 500 14
47 1 none 1 4 8 2000 26
48 1 none 0 11 7 1750 64
48 1 none 0 21 1 250 21
48 1 none 1 4 4 1000 34
49 1 none 0 14 6 1500 51
49 1 none 0 16 8 2000 76
49 1 none 1 11 2 500 38
50 1 none 0 21 2 500 41
50 1 none 0 2 1 250 2
50 1 none 1 14 4 1000 23
51 1 none 0 16 7 1750 93
51 1 none 0 23 2 500 26
51 1 none 1 2 1 250 2
52 1 none 0 11 11 2750 38
52 1 none 0 38 1 250 38
52 1 none 1 21 1 250 21
53 1 none 0 18 2 500 23
53 1 none 0 2 2 500 16
53 1 none 1 4 8 2000 34
54 1 none 0 14 13 3250 57
54 1 none 0 4 9 2250 46
54 1 none 1 2 1 250 2
55 1 none 0 2 1 250 2
55 1 none 0 4 6 1500 14
55 1 none 1 5 46 11500 98
56 1 none 0 23 3 750 33
56 1 none 0 6 3 750 14
56 1 none 1 2 5 1250 16
57 1 none 0 21 2 500 21
57 1 none 0 4 1 250 4
57 1 none 1 9 2 500 16
58 1 none 0 14 3 750 35
58 1 none 0 21 2 500 23
58 1 none 1 4 9 2250 26
59 1 none 0 14 3 750 31
59 1 none 0 4 1 250 4
59 1 none 1 16 5 1250 40
60 1 none 0 11 12 3000 58
60 1 none 0 4 9 2250 40
60 1 none 1 11 1 250 11
61 1 none 0 23 8 2000 46
61 1 none 0 3 14 3500 35
61 1 none 1 11 17 4250 79
62 1 none 0 16 10 2500 62
62 1 none 0 4 23 5750 58
62 1 none 1 4 2 500 4
63 1 none 0 11 2 500 21
63 1 none 0 16 11 2750 40
63 1 none 1 11 1 250 11
64 1 none 0 16 1 250 16
64 1 none 0 16 2 500 70
64 1 none 1 4 1 250 4
65 1 none 0 11 1 250 11
65 1 none 0 23 1 250 23
65 1 none 1 4 6 1500 16
66 1 none 0 2 1 250 2
66 1 none 0 4 1 250 4
66 1 none 1 2 1 250 2
67 1 none 0 11 3 750 28
67 1 none 0 16 2 500 27
67 1 none 1 4 9 2250 28
68 1 none 0 21 1 250 21
68 1 none 0 21 4 1000 52
68 1 none 1 2 6 1500 15
69 1 none 0 16 1 250 16
69 1 none 0 16 6 1500 35
69 1 none 1 2 5 1250 47
70 1 none 0 0 2 500 4
70 1 none 0 11 1 250 11
70 1 none 1 4 3 750 25
71 1 none 0 4 7 1750 52
71 1 none 0 4 9 2250 55
71 1 none 1 4 6 1500 41
72 1 none 0 21 1 250 21
72 1 none 0 2 5 1250 63
72 1 none 1 2 6 1500 16
73 1 none 0 2 11 2750 88
73 1 none 0 2 4 1000 16
73 1 none 1 2 4 1000 14
74 1 none 0 11 4 1000 34
74 1 none 0 23 38 9500 98
74 1 none 1 23 1 250 23
75 1 none 0 23 1 250 23
75 1 none 0 2 6 1500 45
75 1 none 1 2 11 2750 41
76 1 none 0 14 5 1250 28
76 1 none 0 16 5 1250 71
76 1 none 1 20 14 3500 69
77 1 none 0 2 10 2500 52
77 1 none 0 4 8 2000 21
77 1 none 1 2 7 1750 35
78 1 none 0 11 3 750 26
78 1 none 0 21 1 250 21
78 1 none 1 11 9 2250 72
79 1 none 0 11 3 750 15
79 1 none 0 11 4 1000 61
79 1 none 1 4 1 250 4
80 1 none 0 21 1 250 21
80 1 none 0 4 7 1750 82
80 1 none 1 4 8 2000 48
81 1 none 0 4 2 500 23
81 1 none 0 4 7 1750 28
81 1 none 1 14 2 500 14
82 1 none 0 23 6 1500 45
82 1 none 0 2 3 750 14
82 1 none 1 1 10 2500 43
83 1 none 0 2 2 500 4
83 1 none 0 5 24 6000 79
83 1 none 1 2 6 1500 28
84 1 none 0 14 1 250 14
84 1 none 0 2 2 500 22
84 1 none 1 4 20 5000 69
85 1 none 0 11 7 1750 37
85 1 none 0 16 7 1750 39
85 1 none 1 4 10 2500 28
86 1 none 0 14 1 250 14
86 1 none 0 16 6 1500 40
86 1 none 1 2 11 2750 79
87 1 none 0 11 5 1250 33
87 1 none 0 6 3 750 26
87 1 none 1 16 3 750 21
88 1 none 0 13 4 1000 21
88 1 none 0 14 1 250 14
88 1 none 1 4 7 1750 22
89 1 none 0 4 14 3500 86
89 1 none 0 9 3 750 52
89 1 none 1 14 3 750 19
90 1 none 0 23 1 250 23
90 1 none 0 4 4 1000 16
90 1 none 1 2 11 2750 46
91 1 none 0 14 1 250 14
91 1 none 0 14 2 500 29
91 1 none 1 4 16 4000 70
92 1 none 0 2 1 250 2
92 1 none 0 74 1 250 74
92 1 none 1 7 9 2250 89
93 1 none 0 11 2 500 11
93 1 none 0 16 6 1500 50
93 1 none 1 2 8 2000 28
94 1 none 0 14 7 1750 72
94 1 none 0 4 2 500 9
94 1 none 1 4 5 1250 16
95 1 none 0 16 2 500 16
95 1 none 0 2 4 1000 35
95 1 none 1 4 6 1500 35
96 1 none 0 14 16 4000 70
96 1 none 0 2 5 1250 26
96 1 none 1 2 50 12500 98
97 1 none 0 11 6 1500 41
97 1 none 0 16 4 1000 40
97 1 none 1 2 8 2000 35
98 1 none 0 4 1 250 4
98 1 none 0 4 6 1500 35
98 1 none 1 6 22 5500 28
99 1 none 0 4 11 2750 28
99 1 none 0 4 1 250 4
99 1 none 1 2 15 3750 49
100 1 none 0 2 12 3000 52
100 1 none 0 2 1 250 2
100 1 none 1 4 6 1500 38
101 1 none 0 16 14 3500 83
101 1 none 0 23 1 250 23
101 1 none 1 14 4 1000 22
102 1 none 0 11 9 2250 33
102 1 none 0 4 9 2250 52
102 1 none 1 11 4 1000 16
103 1 none 0 21 2 500 33
103 1 none 0 2 4 1000 70
103 1 none 1 9 11 2750 49
104 1 none 0 16 4 1000 33
104 1 none 0 4 1 250 4
104 1 none 1 2 2 500 11
105 1 none 0 11 16 4000 89
105 1 none 0 2 11 2750 28
105 1 none 1 16 6 1500 35
106 1 none 0 14 7 1750 47
106 1 none 0 4 5 1250 58
106 1 none 1 11 7 1750 62
107 1 none 0 10 8 2000 39
107 1 none 0 2 1 250 2
107 1 none 1 4 5 1250 23
108 1 none 0 2 1 250 2
108 1 none 0 4 12 3000 88
108 1 none 1 2 3 750 38
109 1 none 0 2 7 1750 29
109 1 none 0 8 9 2250 64
109 1 none 1 2 12 3000 47
110 1 none 0 21 2 500 26
110 1 none 0 2 3 750 19
110 1 none 1 4 6 1500 28
111 1 none 0 16 4 1000 58
111 1 none 0 2 4 1000 16
111 1 none 1 14 4 1000 28
112 1 none 0 11 2 500 21
112 1 none 0 2 16 4000 64
112 1 none 1 2 21 5250 52
113 1 none 0 14 4 1000 26
113 1 none 0 21 1 250 21
113 1 none 1 4 1 250 4
114 0 none 0 23 3 750 41
114 0 none 0 23 4 1000 87
114 0 none 0 5 14 3500 86
115 0 none 0 16 15 3750 87
115 0 none 0 23 3 750 40
115 0 none 0 4 4 1000 18
116 0 none 0 14 4 1000 57
116 0 none 0 16 3 750 21
116 0 none 0 2 1 250 2
117 0 none 0 16 1 250 16
117 0 none 0 16 3 750 19
117 0 none 0 23 2 500 23
118 0 none 0 14 1 250 14
118 0 none 0 21 2 500 23
118 0 none 0 7 5 1250 35
119 0 none 0 14 7 1750 45
119 0 none 0 21 2 500 35
119 0 none 0 9 5 1250 19
120 0 none 0 11 2 500 14
120 0 none 0 13 3 750 16
120 0 none 0 23 1 250 23
121 0 none 0 11 1 250 11
121 0 none 0 11 5 1250 41
121 0 none 0 2 9 2250 36
122 0 none 0 16 7 1750 28
122 0 none 0 2 1 250 2
122 0 none 0 4 1 250 4
123 0 none 0 11 8 2000 46
123 0 none 0 11 8 2000 48
123 0 none 0 4 1 250 4
124 0 none 0 12 11 2750 23
124 0 none 0 2 1 250 2
124 0 none 0 9 9 2250 38
125 0 none 0 1 7 1750 57
125 0 none 0 21 1 250 21
125 0 none 0 4 6 1500 39
126 0 none 0 11 1 250 11
126 0 none 0 2 2 500 23
126 0 none 0 23 2 500 26
127 0 none 0 11 1 250 11
127 0 none 0 4 1 250 4
127 0 none 0 9 1 250 9
128 0 none 0 14 1 250 14
128 0 none 0 21 3 750 26
128 0 none 0 4 5 1250 58
129 0 none 0 2 2 500 14
129 0 none 0 2 3 750 21
129 0 none 0 4 2 500 4
130 0 none 0 10 5 1250 38
130 0 none 0 1 9 2250 51
130 0 none 0 2 6 1500 22
131 0 none 0 12 9 2250 60
131 0 none 0 2 10 2500 64
131 0 none 0 2 6 1500 47
132 0 none 0 14 4 1000 38
132 0 none 0 16 5 1250 27
132 0 none 0 2 4 1000 35
133 0 none 0 14 1 250 14
133 0 none 0 2 1 250 2
133 0 none 0 3 16 4000 74
134 0 none 0 21 3 750 38
134 0 none 0 2 4 1000 16
134 0 none 0 4 1 250 4
135 0 none 0 12 12 3000 58
135 0 none 0 15 5 1250 33
135 0 none 0 2 16 4000 81
136 0 none 0 11 1 250 11
136 0 none 0 2 4 1000 16
136 0 none 0 4 5 1250 58
137 0 none 0 16 1 250 16
137 0 none 0 23 2 500 28
137 0 none 0 9 2 500 11
138 0 none 0 1 24 6000 77
138 0 none 0 14 2 500 35
138 0 none 0 2 4 1000 16
139 0 none 0 1 14 3500 58
139 0 none 0 11 7 1750 29
139 0 none 0 14 1 250 14
140 0 none 0 14 3 750 33
140 0 none 0 21 7 1750 38
140 0 none 0 7 12 3000 86
141 0 none 0 11 2 500 25
141 0 none 0 14 3 750 83
141 0 none 0 2 1 250 2
142 0 none 0 14 7 1750 35
142 0 none 0 21 2 500 23
142 0 none 0 21 3 750 35
143 0 none 0 11 3 750 37
143 0 none 0 16 3 750 35
143 0 none 0 72 1 250 72
144 0 none 0 2 15 3750 64
144 0 none 0 23 15 3750 57
144 0 none 0 2 5 1250 37
145 0 none 0 16 1 250 16
145 0 none 0 16 3 750 34
145 0 none 0 2 6 1500 75
146 0 none 0 14 2 500 14
146 0 none 0 4 4 1000 46
146 0 none 0 7 14 3500 48
147 0 none 0 14 3 750 52
147 0 none 0 2 3 750 22
147 0 none 0 4 5 1250 46
148 0 none 0 0 8 2000 59
148 0 none 0 10 4 1000 16
148 0 none 0 2 3 750 24
149 0 none 0 11 2 500 24
149 0 none 0 11 8 2000 72
149 0 none 0 21 3 750 64
150 0 none 0 2 1 250 2
150 0 none 0 2 4 1000 14
150 0 none 0 3 6 1500 21
151 0 none 0 11 10 2500 35
151 0 none 0 23 8 2000 64
151 0 none 0 2 4 1000 43
152 0 none 0 16 10 2500 89
152 0 none 0 21 3 750 38
152 0 none 0 23 1 250 23
153 0 none 0 11 3 750 23
153 0 none 0 11 9 2250 38
153 0 none 0 14 1 250 14
154 0 none 0 11 6 1500 28
154 0 none 0 16 1 250 16
154 0 none 0 40 1 250 40
155 0 none 0 11 2 500 11
155 0 none 0 21 1 250 21
155 0 none 0 2 7 1750 77
156 0 none 0 11 1 250 11
156 0 none 0 14 2 500 16
156 0 none 0 14 3 750 28
157 0 none 0 11 2 500 16
157 0 none 0 21 3 750 70
157 0 none 0 4 2 500 46
158 0 none 0 11 6 1500 58
158 0 none 0 16 8 2000 28
158 0 none 0 4 1 250 4
159 0 none 0 14 3 750 26
159 0 none 0 23 5 1250 58
159 0 none 0 2 5 1250 16
160 0 none 0 14 4 1000 64
160 0 none 0 16 3 750 50
160 0 none 0 4 5 1250 34
161 0 none 0 11 2 500 11
161 0 none 0 14 2 500 14
161 0 none 0 4 2 500 14
162 0 none 0 14 18 4500 78
162 0 none 0 21 2 500 25
162 0 none 0 9 2 500 26
163 0 none 0 23 1 250 23
163 0 none 0 5 6 1500 28
163 0 none 0 9 2 500 52
164 0 none 0 14 16 4000 98
164 0 none 0 14 6 1500 34
164 0 none 0 2 4 1000 26
165 0 none 0 11 3 750 76
165 0 none 0 23 1 250 23
165 0 none 0 9 3 750 34
166 0 none 0 23 12 3000 86
166 0 none 0 23 1 250 23
166 0 none 0 4 1 250 4
167 0 none 0 11 5 1250 35
167 0 none 0 23 7 1750 88
167 0 none 0 25 6 1500 50
168 0 none 0 21 6 1500 86
168 0 none 0 4 5 1250 74
168 0 none 0 9 9 2250 54
169 0 none 0 2 1 250 2
169 0 none 0 2 2 500 14
169 0 none 0 9 9 2250 45
170 0 none 0 1 12 3000 35
170 0 none 0 2 1 250 2
170 0 none 0 2 9 2250 74
171 0 none 0 11 3 750 14
171 0 none 0 12 15 3750 71
171 0 none 0 4 11 2750 61
172 0 none 0 11 2 500 52
172 0 none 0 14 3 750 41
172 0 none 0 16 2 500 26
173 0 none 0 14 2 500 14
173 0 none 0 16 5 1250 60
173 0 none 0 4 7 1750 58
174 0 none 0 11 1 250 11
174 0 none 0 3 5 1250 26
174 0 none 0 4 6 1500 52
175 0 none 0 11 1 250 11
175 0 none 0 18 8 2000 95
175 0 none 0 9 2 500 52
176 0 none 0 16 1 250 16
176 0 none 0 2 11 2750 26
176 0 none 0 3 2 500 23
177 0 none 0 14 4 1000 30
177 0 none 0 14 5 1250 50
177 0 none 0 2 2 500 4
178 0 none 0 4 1 250 4
178 0 none 0 4 1 250 4
178 0 none 0 4 2 500 4
179 0 none 0 21 1 250 21
179 0 none 0 2 3 750 11
179 0 none 0 2 6 1500 26
180 0 none 0 23 14 3500 93
180 0 none 0 4 5 1250 58
180 0 none 0 9 1 250 9
181 0 none 0 11 2 500 11
181 0 none 0 2 1 250 2
181 0 none 0 2 2 500 4
182 0 none 0 14 7 1750 26
182 0 none 0 16 1 250 16
182 0 none 0 16 6 1500 81
183 0 none 0 14 8 2000 50
183 0 none 0 8 9 2250 58
183 0 none 0 9 3 750 14
184 0 none 0 3 5 1250 38
184 0 none 0 4 1 250 4
184 0 none 0 7 2 500 16
185 0 none 0 4 1 250 4
185 0 none 0 4 2 500 59
185 0 none 0 4 4 1000 26
186 0 none 0 11 3 750 23
186 0 none 0 14 7 1750 73
186 0 none 0 4 1 250 4
187 0 none 0 12 11 2750 39
187 0 none 0 14 3 750 79
187 0 none 0 2 3 750 35
188 0 none 0 11 2 500 70
188 0 none 0 21 16 4000 64
188 0 none 0 2 4 1000 11
189 0 none 0 11 6 1500 27
189 0 none 0 14 5 1250 64
189 0 none 0 2 1 250 2
190 0 none 0 16 1 250 16
190 0 none 0 4 3 750 24
190 0 none 0 8 10 2500 63
191 0 none 0 21 1 250 21
191 0 none 0 2 2 500 4
191 0 none 0 4 2 500 41
192 0 none 0 11 5 1250 38
192 0 none 0 14 3 750 35
192 0 none 0 2 5 1250 26
193 0 none 0 14 2 500 14
193 0 none 0 14 8 2000 26
193 0 none 0 16 7 1750 38
194 0 none 0 2 3 750 52
194 0 none 0 4 11 2750 78
194 0 none 0 4 9 2250 28
195 0 none 0 16 1 250 16
195 0 none 0 23 1 250 23
195 0 none 0 2 5 1250 16
196 0 none 0 14 1 250 14
196 0 none 0 2 2 500 2
196 0 none 0 4 2 500 4
197 0 none 0 11 1 250 11
197 0 none 0 11 6 1500 71
197 0 none 0 4 2 500 13
198 0 none 0 2 12 3000 98
198 0 none 0 2 2 500 11
198 0 none 0 23 3 750 89
199 0 none 0 16 1 250 16
199 0 none 0 16 3 750 46
199 0 none 0 4 7 1750 52
200 0 none 0 14 3 750 21
200 0 none 0 23 5 1250 33
200 0 none 0 4 1 250 4
201 0 none 0 23 1 250 23
201 0 none 0 23 2 500 28
201 0 none 0 5 11 2750 75
202 0 none 0 11 4 1000 28
202 0 none 0 4 3 750 16
202 0 none 0 4 7 1750 58
203 0 none 0 14 4 1000 26
203 0 none 0 4 1 250 4
203 0 none 0 9 9 2250 16
204 0 none 0 16 4 1000 23
204 0 none 0 23 4 1000 52
204 0 none 0 2 3 750 14
205 0 none 0 11 5 1250 18
205 0 none 0 2 11 2750 46
205 0 none 0 4 4 1000 4
206 0 none 0 13 8 2000 26
206 0 none 0 2 1 250 2
206 0 none 0 2 44 11000 98
207 0 none 0 11 2 500 26
207 0 none 0 4 2 500 4
207 0 none 0 4 5 1250 28
208 0 none 0 16 1 250 16
208 0 none 0 16 2 500 16
208 0 none 0 21 1 250 21
209 0 none 0 1 13 3250 47
209 0 none 0 1 14 3500 95
209 0 none 0 21 6 1500 48
210 0 none 0 11 5 1250 35
210 0 none 0 4 1 250 4
210 0 none 0 4 3 750 71
211 0 none 0 11 1 250 11
211 0 none 0 23 1 250 23
211 0 none 0 4 3 750 34
212 0 none 0 11 4 1000 59
212 0 none 0 4 3 750 28
212 0 none 0 4 7 1750 25
213 0 none 0 16 1 250 16
213 0 none 0 16 3 750 86
213 0 none 0 4 2 500 30
214 0 none 0 23 3 750 48
214 0 none 0 23 3 750 62
214 0 none 0 39 1 250 39
215 0 none 0 16 4 1000 28
215 0 none 0 21 2 500 52
215 0 none 0 4 6 1500 30
216 0 none 0 11 22 5500 98
216 0 none 0 11 4 1000 74
216 0 none 0 4 6 1500 46
217 0 none 0 14 3 750 26
217 0 none 0 2 1 250 2
217 0 none 0 23 2 500 23
218 0 none 0 14 1 250 14
218 0 none 0 2 5 1250 34
218 0 none 0 38 1 250 38
219 0 none 0 11 2 500 17
219 0 none 0 16 16 4000 77
219 0 none 0 2 1 250 2
220 0 none 0 2 10 2500 49
220 0 none 0 21 1 250 21
220 0 none 0 23 1 250 23
221 0 none 0 11 4 1000 58
221 0 none 0 2 2 500 11
221 0 none 0 4 2 500 52
222 0 none 0 23 4 1000 53
222 0 none 0 4 2 500 4
222 0 none 0 4 6 1500 14
223 0 none 0 11 11 2750 42
223 0 none 0 11 3 750 76
223 0 none 0 13 7 1750 76
224 0 none 0 11 4 1000 27
224 0 none 0 14 2 500 14
224 0 none 0 21 13 3250 57
225 0 none 0 16 1 250 16
225 0 none 0 23 3 750 28
225 0 none 0 4 7 1750 62
226 0 none 0 16 1 250 16
226 0 none 0 16 4 1000 45
226 0 none 0 21 1 250 21
