% Each line corresponds to an instance
% Column1: Bag ID
% Column2: Bag class label
% Column3: Instance ID
% Column4: Instance class label
% Column5->...: Attribute values of the instance (all attributes are numeric)
1 1 none 0 14 1 250 14
1 1 none 1 2 2 500 4
1 1 none 1 4 5 1250 26
2 1 none 0 11 7 1750 75
2 1 none 1 2 8 2000 38
2 1 none 1 8 8 2000 52
3 1 none 0 21 3 750 40
3 1 none 1 21 2 500 21
3 1 none 1 6 2 500 11
4 1 none 0 2 4 1000 23
4 1 none 1 2 2 500 10
4 1 none 1 4 4 1000 43
5 1 none 0 4 2 500 4
5 1 none 1 2 43 10750 86
5 1 none 1 4 1 250 4
6 1 none 0 14 8 2000 46
6 1 none 1 2 6 1500 28
6 1 none 1 2 7 1750 58
7 1 none 0 2 7 1750 77
7 1 none 1 11 8 2000 52
7 1 none 1 3 1 250 3
8 1 none 0 4 1 250 4
8 1 none 1 2 2 500 4
8 1 none 1 2 4 1000 14
9 1 none 0 4 1 250 4
9 1 none 1 11 14 3500 73
9 1 none 1 2 13 3250 76
10 1 none 0 14 1 250 14
10 1 none 1 2 13 3250 32
10 1 none 1 2 5 1250 33
11 1 none 0 2 2 500 41
11 1 none 1 4 12 3000 34
11 1 none 1 4 16 4000 38
12 1 none 0 14 5 1250 26
12 1 none 1 2 6 1500 15
12 1 none 1 4 9 2250 38
13 1 none 0 14 1 250 14
13 1 none 1 2 6 1500 16
13 1 none 1 2 7 1750 14
14 1 none 0 35 3 750 64
14 1 none 1 2 3 750 16
14 1 none 1 4 4 1000 4
15 1 none 0 4 5 1250 23
15 1 none 1 11 3 750 16
15 1 none 1 2 5 1250 11
16 1 none 0 7 5 1250 52
16 1 none 1 2 11 2750 40
16 1 none 1 4 1 250 4
17 1 none 0 21 1 250 21
17 1 none 1 2 2 500 11
17 1 none 1 4 4 1000 14
18 1 none 0 4 1 250 4
18 1 none 1 14 2 500 35
18 1 none 1 2 20 5000 45
19 1 none 0 23 4 1000 45
19 1 none 1 14 5 1250 28
19 1 none 1 2 13 3250 53
20 1 none 0 23 3 750 39
20 1 none 1 16 7 1750 87
20 1 none 1 2 1 250 2
21 1 none 0 23 2 500 87
21 1 none 1 2 14 3500 48
21 1 none 1 2 3 750 9
22 1 none 0 2 1 250 2
22 1 none 1 17 7 1750 58
22 1 none 1 4 7 1750 32
23 1 none 0 4 1 250 4
23 1 none 1 2 7 1750 46
23 1 none 1 4 2 500 4
24 1 none 0 8 15 3750 77
24 1 none 1 4 4 1000 34
24 1 none 1 4 8 2000 26
25 1 none 0 2 2 500 11
25 1 none 1 11 2 500 38
25 1 none 1 14 4 1000 23
26 1 none 0 4 8 2000 28
26 1 none 1 21 1 250 21
26 1 none 1 2 1 250 2
27 1 none 0 11 5 1250 50
27 1 none 1 2 1 250 2
27 1 none 1 4 8 2000 34
28 1 none 0 23 1 250 23
28 1 none 1 2 5 1250 16
28 1 none 1 5 46 11500 98
29 1 none 0 9 1 250 9
29 1 none 1 4 9 2250 26
29 1 none 1 9 2 500 16
30 1 none 0 7 10 2500 47
30 1 none 1 11 1 250 11
30 1 none 1 16 5 1250 40
31 1 none 0 4 3 750 16
31 1 none 1 11 17 4250 79
31 1 none 1 4 2 500 4
32 1 none 0 2 1 250 2
32 1 none 1 11 1 250 11
32 1 none 1 4 1 250 4
33 1 none 0 2 4 1000 26
33 1 none 1 2 1 250 2
33 1 none 1 4 6 1500 16
34 1 none 0 14 1 250 14
34 1 none 1 2 6 1500 15
34 1 none 1 4 9 2250 28
35 1 none 0 4 11 2750 95
35 1 none 1 2 5 1250 47
35 1 none 1 4 3 750 25
36 1 none 0 4 6 1500 47
36 1 none 1 2 6 1500 16
36 1 none 1 4 6 1500 41
37 1 none 0 16 12 3000 50
37 1 none 1 23 1 250 23
37 1 none 1 2 4 1000 14
38 1 none 0 14 2 500 14
38 1 none 1 20 14 3500 69
38 1 none 1 2 11 2750 41
39 1 none 0 2 2 500 11
39 1 none 1 11 9 2250 72
39 1 none 1 2 7 1750 35
40 1 none 0 16 3 750 23
40 1 none 1 4 1 250 4
40 1 none 1 4 8 2000 48
41 1 none 0 16 1 250 16
41 1 none 1 1 10 2500 43
41 1 none 1 14 2 500 14
42 1 none 0 4 2 500 31
42 1 none 1 2 6 1500 28
42 1 none 1 4 20 5000 69
43 1 none 0 4 1 250 4
43 1 none 1 2 11 2750 79
43 1 none 1 4 10 2500 28
44 1 none 0 2 1 250 2
44 1 none 1 16 3 750 21
44 1 none 1 4 7 1750 22
45 1 none 0 7 11 2750 89
45 1 none 1 14 3 750 19
45 1 none 1 2 11 2750 46
46 1 none 0 23 3 750 35
46 1 none 1 4 16 4000 70
46 1 none 1 7 9 2250 89
47 1 none 0 4 1 250 4
47 1 none 1 2 8 2000 28
47 1 none 1 4 5 1250 16
48 1 none 0 11 1 250 11
48 1 none 1 2 50 12500 98
48 1 none 1 4 6 1500 35
49 1 none 0 21 3 750 35
49 1 none 1 2 8 2000 35
49 1 none 1 6 22 5500 28
50 1 none 0 15 16 4000 82
50 1 none 1 2 15 3750 49
50 1 none 1 4 6 1500 38
51 1 none 0 2 12 3000 95
51 1 none 1 11 4 1000 16
51 1 none 1 14 4 1000 22
52 1 none 0 4 4 1000 41
52 1 none 1 2 2 500 11
52 1 none 1 9 11 2750 49
53 1 none 0 21 3 750 35
53 1 none 1 11 7 1750 62
53 1 none 1 16 6 1500 35
54 1 none 0 2 1 250 2
54 1 none 1 2 3 750 38
54 1 none 1 4 5 1250 23
55 1 none 0 12 13 3250 59
55 1 none 1 2 12 3000 47
55 1 none 1 4 6 1500 28
56 1 none 0 2 11 2750 23
56 1 none 1 14 4 1000 28
56 1 none 1 2 21 5250 52
57 1 none 0 23 1 250 23
57 1 none 1 2 3 750 4
57 1 none 1 4 1 250 4
58 1 none 0 14 4 1000 40
58 1 none 1 2 1 250 2
58 1 none 1 4 2 500 51
59 1 none 0 2 6 1500 28
59 1 none 1 2 6 1500 35
59 1 none 1 4 3 750 16
60 1 none 0 4 1 250 4
60 1 none 1 2 34 8500 77
60 1 none 1 4 5 1250 16
61 1 none 0 2 1 250 2
61 1 none 1 26 5 1250 49
61 1 none 1 9 5 1250 51
62 1 none 0 21 1 250 21
62 1 none 1 1 16 4000 35
62 1 none 1 4 5 1250 35
63 1 none 0 3 8 2000 50
63 1 none 1 4 33 8250 98
63 1 none 1 4 8 2000 46
64 1 none 0 2 3 750 77
64 1 none 1 0 26 6500 76
64 1 none 1 2 41 10250 98
65 1 none 0 14 5 1250 14
65 1 none 1 2 3 750 75
65 1 none 1 4 8 2000 40
66 1 none 0 4 6 1500 35
66 1 none 1 4 17 4250 71
66 1 none 1 4 5 1250 14
67 1 none 0 2 1 250 2
67 1 none 1 2 7 1750 28
67 1 none 1 2 7 1750 32
68 1 none 0 23 6 1500 70
68 1 none 1 3 4 1000 29
68 1 none 1 4 2 500 4
69 1 none 0 6 17 4250 70
69 1 none 1 4 10 2500 28
69 1 none 1 4 11 2750 64
70 1 none 0 9 4 1000 65
70 1 none 1 11 3 750 40
70 1 none 1 2 6 1500 22
71 1 none 0 2 1 250 2
71 1 none 1 3 10 2500 33
71 1 none 1 4 1 250 4
72 1 none 0 23 8 2000 69
72 1 none 1 14 8 2000 50
72 1 none 1 3 5 1250 12
73 1 none 0 16 7 1750 64
73 1 none 1 2 12 3000 70
73 1 none 1 2 6 1500 26
74 1 none 0 11 24 6000 64
74 1 none 1 4 19 4750 69
74 1 none 1 5 7 1750 26
75 1 none 0 11 6 1500 26
75 1 none 1 2 3 750 4
75 1 none 1 4 1 250 4
76 1 none 0 2 7 1750 76
76 1 none 1 4 5 1250 11
76 1 none 1 4 6 1500 23
77 1 none 0 4 2 500 29
77 1 none 1 4 4 1000 26
77 1 none 1 4 5 1250 33
78 1 none 0 2 2 500 33
78 1 none 1 21 3 750 26
78 1 none 1 4 13 3250 39
79 1 none 0 2 2 500 2
79 1 none 1 3 21 5250 42
79 1 none 1 9 8 2000 38
80 1 none 0 2 9 2250 75
80 1 none 1 2 10 2500 28
80 1 none 1 4 5 1250 16
81 1 none 0 21 5 1250 60
81 1 none 1 0 13 3250 28
81 1 none 1 4 10 2500 28
82 1 none 0 3 17 4250 86
82 1 none 1 11 5 1250 37
82 1 none 1 14 2 500 21
83 1 none 0 8 2 500 16
83 1 none 1 2 2 500 11
83 1 none 1 2 4 1000 16
84 1 none 0 14 2 500 14
84 1 none 1 2 5 1250 16
84 1 none 1 2 9 2250 22
85 1 none 0 14 5 1250 74
85 1 none 1 13 3 750 14
85 1 none 1 4 16 4000 98
86 1 none 0 16 4 1000 28
86 1 none 1 11 8 2000 41
86 1 none 1 4 2 500 9
87 1 none 0 4 14 3500 40
87 1 none 1 2 14 3500 57
87 1 none 1 4 1 250 4
88 1 none 0 2 2 500 2
88 1 none 1 22 1 250 22
88 1 none 1 2 2 500 4
89 1 none 0 14 1 250 14
89 1 none 1 2 1 250 2
89 1 none 1 2 6 1500 41
90 0 none 0 16 1 250 16
90 0 none 0 16 3 750 40
90 0 none 0 2 3 750 22
91 0 none 0 0 3 750 4
91 0 none 0 11 7 1750 64
91 0 none 0 14 2 500 14
92 0 none 0 14 6 1500 51
92 0 none 0 16 8 2000 76
92 0 none 0 21 1 250 21
93 0 none 0 21 2 500 41
93 0 none 0 2 1 250 2
93 0 none 0 23 2 500 26
94 0 none 0 11 11 2750 38
94 0 none 0 16 7 1750 93
94 0 none 0 38 1 250 38
95 0 none 0 14 13 3250 57
95 0 none 0 18 2 500 23
95 0 none 0 2 2 500 16
96 0 none 0 2 1 250 2
96 0 none 0 4 6 1500 14
96 0 none 0 4 9 2250 46
97 0 none 0 23 3 750 33
97 0 none 0 4 1 250 4
97 0 none 0 6 3 750 14
98 0 none 0 14 3 750 35
98 0 none 0 21 2 500 21
98 0 none 0 21 2 500 23
99 0 none 0 11 12 3000 58
99 0 none 0 14 3 750 31
99 0 none 0 4 1 250 4
100 0 none 0 23 8 2000 46
100 0 none 0 3 14 3500 35
100 0 none 0 4 9 2250 40
101 0 none 0 11 2 500 21
101 0 none 0 16 10 2500 62
101 0 none 0 4 23 5750 58
102 0 none 0 16 11 2750 40
102 0 none 0 16 1 250 16
102 0 none 0 16 2 500 70
103 0 none 0 11 1 250 11
103 0 none 0 2 1 250 2
103 0 none 0 23 1 250 23
104 0 none 0 11 3 750 28
104 0 none 0 16 2 500 27
104 0 none 0 4 1 250 4
105 0 none 0 16 1 250 16
105 0 none 0 21 1 250 21
105 0 none 0 21 4 1000 52
106 0 none 0 0 2 500 4
106 0 none 0 11 1 250 11
106 0 none 0 16 6 1500 35
107 0 none 0 21 1 250 21
107 0 none 0 4 7 1750 52
107 0 none 0 4 9 2250 55
108 0 none 0 2 11 2750 88
108 0 none 0 2 4 1000 16
108 0 none 0 2 5 1250 63
109 0 none 0 11 4 1000 34
109 0 none 0 23 1 250 23
109 0 none 0 23 38 9500 98
110 0 none 0 14 5 1250 28
110 0 none 0 16 5 1250 71
110 0 none 0 2 6 1500 45
111 0 none 0 11 3 750 26
111 0 none 0 2 10 2500 52
111 0 none 0 4 8 2000 21
112 0 none 0 11 3 750 15
112 0 none 0 11 4 1000 61
112 0 none 0 21 1 250 21
113 0 none 0 21 1 250 21
113 0 none 0 4 7 1750 28
113 0 none 0 4 7 1750 82
114 0 none 0 23 6 1500 45
114 0 none 0 2 3 750 14
114 0 none 0 4 2 500 23
115 0 none 0 14 1 250 14
115 0 none 0 2 2 500 4
115 0 none 0 5 24 6000 79
116 0 none 0 11 7 1750 37
116 0 none 0 16 7 1750 39
116 0 none 0 2 2 500 22
117 0 none 0 14 1 250 14
117 0 none 0 16 6 1500 40
117 0 none 0 6 3 750 26
118 0 none 0 11 5 1250 33
118 0 none 0 13 4 1000 21
118 0 none 0 14 1 250 14
119 0 none 0 4 14 3500 86
119 0 none 0 4 4 1000 16
119 0 none 0 9 3 750 52
120 0 none 0 14 1 250 14
120 0 none 0 14 2 500 29
120 0 none 0 23 1 250 23
121 0 none 0 16 6 1500 50
121 0 none 0 2 1 250 2
121 0 none 0 74 1 250 74
122 0 none 0 11 2 500 11
122 0 none 0 14 7 1750 72
122 0 none 0 4 2 500 9
123 0 none 0 16 2 500 16
123 0 none 0 2 4 1000 35
123 0 none 0 2 5 1250 26
124 0 none 0 11 6 1500 41
124 0 none 0 14 16 4000 70
124 0 none 0 16 4 1000 40
125 0 none 0 4 11 2750 28
125 0 none 0 4 1 250 4
125 0 none 0 4 6 1500 35
126 0 none 0 2 12 3000 52
126 0 none 0 2 1 250 2
126 0 none 0 4 1 250 4
127 0 none 0 11 9 2250 33
127 0 none 0 16 14 3500 83
127 0 none 0 23 1 250 23
128 0 none 0 21 2 500 33
128 0 none 0 2 4 1000 70
128 0 none 0 4 9 2250 52
129 0 none 0 11 16 4000 89
129 0 none 0 16 4 1000 33
129 0 none 0 4 1 250 4
130 0 none 0 14 7 1750 47
130 0 none 0 2 11 2750 28
130 0 none 0 4 5 1250 58
131 0 none 0 10 8 2000 39
131 0 none 0 2 1 250 2
131 0 none 0 4 12 3000 88
132 0 none 0 2 1 250 2
132 0 none 0 2 7 1750 29
132 0 none 0 8 9 2250 64
133 0 none 0 21 2 500 26
133 0 none 0 2 3 750 19
133 0 none 0 2 4 1000 16
134 0 none 0 11 2 500 21
134 0 none 0 16 4 1000 58
134 0 none 0 2 16 4000 64
135 0 none 0 14 4 1000 26
135 0 none 0 21 1 250 21
135 0 none 0 23 3 750 41
136 0 none 0 23 4 1000 87
136 0 none 0 4 4 1000 18
136 0 none 0 5 14 3500 86
137 0 none 0 16 15 3750 87
137 0 none 0 2 1 250 2
137 0 none 0 23 3 750 40
138 0 none 0 14 4 1000 57
138 0 none 0 16 3 750 19
138 0 none 0 16 3 750 21
139 0 none 0 16 1 250 16
139 0 none 0 21 2 500 23
139 0 none 0 23 2 500 23
140 0 none 0 14 1 250 14
140 0 none 0 21 2 500 35
140 0 none 0 7 5 1250 35
141 0 none 0 13 3 750 16
141 0 none 0 14 7 1750 45
141 0 none 0 9 5 1250 19
142 0 none 0 11 1 250 11
142 0 none 0 11 2 500 14
142 0 none 0 23 1 250 23
143 0 none 0 11 5 1250 41
143 0 none 0 2 1 250 2
143 0 none 0 2 9 2250 36
144 0 none 0 16 7 1750 28
144 0 none 0 4 1 250 4
144 0 none 0 4 1 250 4
145 0 none 0 11 8 2000 46
145 0 none 0 11 8 2000 48
145 0 none 0 12 11 2750 23
146 0 none 0 21 1 250 21
146 0 none 0 2 1 250 2
146 0 none 0 9 9 2250 38
147 0 none 0 11 1 250 11
147 0 none 0 1 7 1750 57
147 0 none 0 4 6 1500 39
148 0 none 0 11 1 250 11
148 0 none 0 2 2 500 23
148 0 none 0 23 2 500 26
149 0 none 0 4 1 250 4
149 0 none 0 4 5 1250 58
149 0 none 0 9 1 250 9
150 0 none 0 14 1 250 14
150 0 none 0 21 3 750 26
150 0 none 0 2 3 750 21
151 0 none 0 10 5 1250 38
151 0 none 0 2 2 500 14
151 0 none 0 4 2 500 4
152 0 none 0 12 9 2250 60
152 0 none 0 1 9 2250 51
152 0 none 0 2 6 1500 22
153 0 none 0 16 5 1250 27
153 0 none 0 2 10 2500 64
153 0 none 0 2 6 1500 47
154 0 none 0 14 1 250 14
154 0 none 0 14 4 1000 38
154 0 none 0 2 4 1000 35
155 0 none 0 2 1 250 2
155 0 none 0 2 4 1000 16
155 0 none 0 3 16 4000 74
156 0 none 0 12 12 3000 58
156 0 none 0 21 3 750 38
156 0 none 0 4 1 250 4
157 0 none 0 15 5 1250 33
157 0 none 0 2 16 4000 81
157 0 none 0 4 5 1250 58
158 0 none 0 11 1 250 11
158 0 none 0 23 2 500 28
158 0 none 0 2 4 1000 16
159 0 none 0 1 24 6000 77
159 0 none 0 16 1 250 16
159 0 none 0 9 2 500 11
160 0 none 0 11 7 1750 29
160 0 none 0 14 2 500 35
160 0 none 0 2 4 1000 16
161 0 none 0 1 14 3500 58
161 0 none 0 14 1 250 14
161 0 none 0 14 3 750 33
162 0 none 0 2 1 250 2
162 0 none 0 21 7 1750 38
162 0 none 0 7 12 3000 86
163 0 none 0 11 2 500 25
163 0 none 0 14 3 750 83
163 0 none 0 21 3 750 35
164 0 none 0 14 7 1750 35
164 0 none 0 21 2 500 23
164 0 none 0 72 1 250 72
165 0 none 0 11 3 750 37
165 0 none 0 16 3 750 35
165 0 none 0 2 5 1250 37
166 0 none 0 16 1 250 16
166 0 none 0 2 15 3750 64
166 0 none 0 23 15 3750 57
167 0 none 0 16 3 750 34
167 0 none 0 2 6 1500 75
167 0 none 0 4 4 1000 46
168 0 none 0 14 2 500 14
168 0 none 0 4 5 1250 46
168 0 none 0 7 14 3500 48
169 0 none 0 14 3 750 52
169 0 none 0 2 3 750 22
169 0 none 0 2 3 750 24
170 0 none 0 0 8 2000 59
170 0 none 0 10 4 1000 16
170 0 none 0 11 8 2000 72
171 0 none 0 11 2 500 24
171 0 none 0 2 1 250 2
171 0 none 0 21 3 750 64
172 0 none 0 23 8 2000 64
172 0 none 0 2 4 1000 14
172 0 none 0 3 6 1500 21
173 0 none 0 11 10 2500 35
173 0 none 0 21 3 750 38
173 0 none 0 2 4 1000 43
174 0 none 0 11 9 2250 38
174 0 none 0 16 10 2500 89
174 0 none 0 23 1 250 23
175 0 none 0 11 3 750 23
175 0 none 0 14 1 250 14
175 0 none 0 16 1 250 16
176 0 none 0 11 6 1500 28
176 0 none 0 21 1 250 21
176 0 none 0 40 1 250 40
177 0 none 0 11 1 250 11
177 0 none 0 11 2 500 11
177 0 none 0 2 7 1750 77
178 0 none 0 11 2 500 16
178 0 none 0 14 2 500 16
178 0 none 0 14 3 750 28
