% Each line corresponds to an instance
% Column1: Bag ID
% Column2: Bag class label
% Column3: Instance ID
% Column4: Instance class label
% Column5->...: Attribute values of the instance (all attributes are numeric)
1 1 none 0 14 1 250 14
1 1 none 1 2 2 500 4
2 1 none 0 11 7 1750 75
2 1 none 1 4 5 1250 26
3 1 none 0 21 3 750 40
3 1 none 1 8 8 2000 52
4 1 none 0 2 4 1000 23
4 1 none 1 2 8 2000 38
5 1 none 0 4 2 500 4
5 1 none 1 21 2 500 21
6 1 none 0 14 8 2000 46
6 1 none 1 6 2 500 11
7 1 none 0 2 7 1750 77
7 1 none 1 4 4 1000 43
8 1 none 0 4 1 250 4
8 1 none 1 2 2 500 10
9 1 none 0 4 1 250 4
9 1 none 1 2 43 10750 86
10 1 none 0 14 1 250 14
10 1 none 1 4 1 250 4
11 1 none 0 2 2 500 41
11 1 none 1 2 6 1500 28
12 1 none 0 14 5 1250 26
12 1 none 1 2 7 1750 58
13 1 none 0 14 1 250 14
13 1 none 1 11 8 2000 52
14 1 none 0 35 3 750 64
14 1 none 1 3 1 250 3
15 1 none 0 4 5 1250 23
15 1 none 1 2 4 1000 14
16 1 none 0 7 5 1250 52
16 1 none 1 2 2 500 4
17 1 none 0 21 1 250 21
17 1 none 1 2 13 3250 76
18 1 none 0 4 1 250 4
18 1 none 1 11 14 3500 73
19 1 none 0 23 4 1000 45
19 1 none 1 2 5 1250 33
20 1 none 0 23 3 750 39
20 1 none 1 2 13 3250 32
21 1 none 0 23 2 500 87
21 1 none 1 4 16 4000 38
22 1 none 0 2 1 250 2
22 1 none 1 4 12 3000 34
23 1 none 0 4 1 250 4
23 1 none 1 4 9 2250 38
24 1 none 0 8 15 3750 77
24 1 none 1 2 6 1500 15
25 1 none 0 2 2 500 11
25 1 none 1 2 6 1500 16
26 1 none 0 4 8 2000 28
26 1 none 1 2 7 1750 14
27 1 none 0 11 5 1250 50
27 1 none 1 4 4 1000 4
28 1 none 0 23 1 250 23
28 1 none 1 2 3 750 16
29 1 none 0 9 1 250 9
29 1 none 1 2 5 1250 11
30 1 none 0 7 10 2500 47
30 1 none 1 11 3 750 16
31 1 none 0 4 3 750 16
31 1 none 1 4 1 250 4
32 1 none 0 2 1 250 2
32 1 none 1 2 11 2750 40
33 1 none 0 2 4 1000 26
33 1 none 1 2 2 500 11
34 1 none 0 14 1 250 14
34 1 none 1 4 4 1000 14
35 1 none 0 4 11 2750 95
35 1 none 1 2 20 5000 45
36 1 none 0 4 6 1500 47
36 1 none 1 14 2 500 35
37 1 none 0 16 12 3000 50
37 1 none 1 14 5 1250 28
38 1 none 0 14 2 500 14
38 1 none 1 2 13 3250 53
39 1 none 0 2 2 500 11
39 1 none 1 16 7 1750 87
40 1 none 0 16 3 750 23
40 1 none 1 2 1 250 2
41 1 none 0 16 1 250 16
41 1 none 1 2 3 750 9
42 1 none 0 4 2 500 31
42 1 none 1 2 14 3500 48
43 1 none 0 4 1 250 4
43 1 none 1 4 7 1750 32
44 1 none 0 2 1 250 2
44 1 none 1 17 7 1750 58
45 1 none 0 7 11 2750 89
45 1 none 1 4 2 500 4
46 1 none 0 23 3 750 35
46 1 none 1 2 7 1750 46
47 1 none 0 4 1 250 4
47 1 none 1 4 8 2000 26
48 1 none 0 11 1 250 11
48 1 none 1 4 4 1000 34
49 1 none 0 21 3 750 35
49 1 none 1 11 2 500 38
50 1 none 0 15 16 4000 82
50 1 none 1 14 4 1000 23
51 1 none 0 2 12 3000 95
51 1 none 1 2 1 250 2
52 1 none 0 4 4 1000 41
52 1 none 1 21 1 250 21
53 1 none 0 21 3 750 35
53 1 none 1 4 8 2000 34
54 1 none 0 2 1 250 2
54 1 none 1 2 1 250 2
55 1 none 0 12 13 3250 59
55 1 none 1 5 46 11500 98
56 1 none 0 2 11 2750 23
56 1 none 1 2 5 1250 16
57 1 none 0 23 1 250 23
57 1 none 1 9 2 500 16
58 1 none 0 14 4 1000 40
58 1 none 1 4 9 2250 26
59 1 none 0 2 6 1500 28
59 1 none 1 16 5 1250 40
60 1 none 0 4 1 250 4
60 1 none 1 11 1 250 11
61 1 none 0 2 1 250 2
61 1 none 1 11 17 4250 79
62 1 none 0 21 1 250 21
62 1 none 1 4 2 500 4
63 1 none 0 3 8 2000 50
63 1 none 1 11 1 250 11
64 1 none 0 2 3 750 77
64 1 none 1 4 1 250 4
65 1 none 0 14 5 1250 14
65 1 none 1 4 6 1500 16
66 1 none 0 4 6 1500 35
66 1 none 1 2 1 250 2
67 1 none 0 2 1 250 2
67 1 none 1 4 9 2250 28
68 1 none 0 23 6 1500 70
68 1 none 1 2 6 1500 15
69 1 none 0 6 17 4250 70
69 1 none 1 2 5 1250 47
70 1 none 0 9 4 1000 65
70 1 none 1 4 3 750 25
71 1 none 0 2 1 250 2
71 1 none 1 4 6 1500 41
72 1 none 0 23 8 2000 69
72 1 none 1 2 6 1500 16
73 1 none 0 16 7 1750 64
73 1 none 1 2 4 1000 14
74 1 none 0 11 24 6000 64
74 1 none 1 23 1 250 23
75 1 none 0 11 6 1500 26
75 1 none 1 2 11 2750 41
76 1 none 0 2 7 1750 76
76 1 none 1 20 14 3500 69
77 1 none 0 4 2 500 29
77 1 none 1 2 7 1750 35
78 1 none 0 2 2 500 33
78 1 none 1 11 9 2250 72
79 1 none 0 2 2 500 2
79 1 none 1 4 1 250 4
80 1 none 0 2 9 2250 75
80 1 none 1 4 8 2000 48
81 1 none 0 21 5 1250 60
81 1 none 1 14 2 500 14
82 1 none 0 3 17 4250 86
82 1 none 1 1 10 2500 43
83 1 none 0 8 2 500 16
83 1 none 1 2 6 1500 28
84 1 none 0 14 2 500 14
84 1 none 1 4 20 5000 69
85 1 none 0 14 5 1250 74
85 1 none 1 4 10 2500 28
86 1 none 0 16 4 1000 28
86 1 none 1 2 11 2750 79
87 1 none 0 4 14 3500 40
87 1 none 1 16 3 750 21
88 1 none 0 2 2 500 2
88 1 none 1 4 7 1750 22
89 1 none 0 14 1 250 14
89 1 none 1 14 3 750 19
90 1 none 0 2 3 750 22
90 1 none 1 2 11 2750 46
91 1 none 0 16 3 750 40
91 1 none 1 4 16 4000 70
92 1 none 0 16 1 250 16
92 1 none 1 7 9 2250 89
93 1 none 0 0 3 750 4
93 1 none 1 2 8 2000 28
94 1 none 0 14 2 500 14
94 1 none 1 4 5 1250 16
95 1 none 0 11 7 1750 64
95 1 none 1 4 6 1500 35
96 1 none 0 21 1 250 21
96 1 none 1 2 50 12500 98
97 1 none 0 16 8 2000 76
97 1 none 1 2 8 2000 35
98 1 none 0 14 6 1500 51
98 1 none 1 6 22 5500 28
99 1 none 0 21 2 500 41
99 1 none 1 2 15 3750 49
100 1 none 0 2 1 250 2
100 1 none 1 4 6 1500 38
101 1 none 0 23 2 500 26
101 1 none 1 14 4 1000 22
102 1 none 0 16 7 1750 93
102 1 none 1 11 4 1000 16
103 1 none 0 11 11 2750 38
103 1 none 1 9 11 2750 49
104 1 none 0 38 1 250 38
104 1 none 1 2 2 500 11
105 1 none 0 2 2 500 16
105 1 none 1 16 6 1500 35
106 1 none 0 18 2 500 23
106 1 none 1 11 7 1750 62
107 1 none 0 14 13 3250 57
107 1 none 1 4 5 1250 23
108 1 none 0 4 9 2250 46
108 1 none 1 2 3 750 38
109 1 none 0 4 6 1500 14
109 1 none 1 2 12 3000 47
110 1 none 0 2 1 250 2
110 1 none 1 4 6 1500 28
111 1 none 0 6 3 750 14
111 1 none 1 14 4 1000 28
112 1 none 0 23 3 750 33
112 1 none 1 2 21 5250 52
113 1 none 0 4 1 250 4
113 1 none 1 4 1 250 4
114 1 none 0 21 2 500 21
114 1 none 1 2 3 750 4
115 1 none 0 14 3 750 35
115 1 none 1 4 2 500 51
116 1 none 0 21 2 500 23
116 1 none 1 2 1 250 2
117 1 none 0 14 3 750 31
117 1 none 1 2 6 1500 35
118 1 none 0 4 1 250 4
118 1 none 1 4 3 750 16
119 1 none 0 11 12 3000 58
119 1 none 1 4 5 1250 16
120 1 none 0 4 9 2250 40
120 1 none 1 2 34 8500 77
121 1 none 0 3 14 3500 35
121 1 none 1 9 5 1250 51
122 1 none 0 23 8 2000 46
122 1 none 1 26 5 1250 49
123 1 none 0 4 23 5750 58
123 1 none 1 4 5 1250 35
124 1 none 0 16 10 2500 62
124 1 none 1 1 16 4000 35
125 1 none 0 11 2 500 21
125 1 none 1 4 8 2000 46
126 1 none 0 16 11 2750 40
126 1 none 1 4 33 8250 98
127 1 none 0 16 2 500 70
127 1 none 1 2 41 10250 98
128 1 none 0 16 1 250 16
128 1 none 1 0 26 6500 76
129 1 none 0 11 1 250 11
129 1 none 1 4 8 2000 40
130 1 none 0 23 1 250 23
130 1 none 1 2 3 750 75
131 1 none 0 2 1 250 2
131 1 none 1 4 5 1250 14
132 1 none 0 4 1 250 4
132 1 none 1 4 17 4250 71
133 1 none 0 11 3 750 28
133 1 none 1 2 7 1750 32
134 1 none 0 16 2 500 27
134 1 none 1 2 7 1750 28
135 1 none 0 21 4 1000 52
135 1 none 1 3 4 1000 29
136 1 none 0 21 1 250 21
136 1 none 1 4 2 500 4
137 1 none 0 16 1 250 16
137 1 none 1 4 11 2750 64
138 1 none 0 16 6 1500 35
138 1 none 1 4 10 2500 28
139 1 none 0 0 2 500 4
139 1 none 1 11 3 750 40
140 1 none 0 11 1 250 11
140 1 none 1 2 6 1500 22
141 1 none 0 4 7 1750 52
141 1 none 1 3 10 2500 33
142 1 none 0 4 9 2250 55
142 1 none 1 4 1 250 4
143 1 none 0 21 1 250 21
143 1 none 1 14 8 2000 50
144 1 none 0 2 5 1250 63
144 1 none 1 3 5 1250 12
145 1 none 0 2 11 2750 88
145 1 none 1 2 6 1500 26
146 1 none 0 2 4 1000 16
146 1 none 1 2 12 3000 70
147 1 none 0 11 4 1000 34
147 1 none 1 4 19 4750 69
148 1 none 0 23 38 9500 98
148 1 none 1 5 7 1750 26
149 1 none 0 23 1 250 23
149 1 none 1 4 1 250 4
150 1 none 0 2 6 1500 45
150 1 none 1 2 3 750 4
151 1 none 0 14 5 1250 28
151 1 none 1 4 6 1500 23
152 1 none 0 16 5 1250 71
152 1 none 1 4 5 1250 11
153 1 none 0 4 8 2000 21
153 1 none 1 4 4 1000 26
154 1 none 0 2 10 2500 52
154 1 none 1 4 5 1250 33
155 1 none 0 11 3 750 26
155 1 none 1 21 3 750 26
156 1 none 0 21 1 250 21
156 1 none 1 4 13 3250 39
157 1 none 0 11 3 750 15
157 1 none 1 3 21 5250 42
158 1 none 0 11 4 1000 61
158 1 none 1 9 8 2000 38
159 1 none 0 4 7 1750 82
159 1 none 1 4 5 1250 16
160 1 none 0 21 1 250 21
160 1 none 1 2 10 2500 28
161 1 none 0 4 7 1750 28
161 1 none 1 4 10 2500 28
162 1 none 0 4 2 500 23
162 1 none 1 0 13 3250 28
163 1 none 0 2 3 750 14
163 1 none 1 14 2 500 21
164 1 none 0 23 6 1500 45
164 1 none 1 11 5 1250 37
165 1 none 0 2 2 500 4
165 1 none 1 2 2 500 11
166 1 none 0 5 24 6000 79
166 1 none 1 2 4 1000 16
167 1 none 0 14 1 250 14
167 1 none 1 2 9 2250 22
168 1 none 0 2 2 500 22
168 1 none 1 2 5 1250 16
169 1 none 0 16 7 1750 39
169 1 none 1 13 3 750 14
170 1 none 0 11 7 1750 37
170 1 none 1 4 16 4000 98
171 1 none 0 14 1 250 14
171 1 none 1 11 8 2000 41
172 1 none 0 16 6 1500 40
172 1 none 1 4 2 500 9
173 1 none 0 6 3 750 26
173 1 none 1 2 14 3500 57
174 1 none 0 11 5 1250 33
174 1 none 1 4 1 250 4
175 1 none 0 14 1 250 14
175 1 none 1 2 2 500 4
176 1 none 0 13 4 1000 21
176 1 none 1 22 1 250 22
177 1 none 0 9 3 750 52
177 1 none 1 2 1 250 2
178 1 none 0 4 14 3500 86
178 1 none 1 2 6 1500 41
179 0 none 0 23 1 250 23
179 0 none 0 4 4 1000 16
180 0 none 0 14 1 250 14
180 0 none 0 14 2 500 29
181 0 none 0 2 1 250 2
181 0 none 0 74 1 250 74
182 0 none 0 11 2 500 11
182 0 none 0 16 6 1500 50
183 0 none 0 14 7 1750 72
183 0 none 0 4 2 500 9
184 0 none 0 16 2 500 16
184 0 none 0 2 4 1000 35
185 0 none 0 14 16 4000 70
185 0 none 0 2 5 1250 26
186 0 none 0 11 6 1500 41
186 0 none 0 16 4 1000 40
187 0 none 0 4 1 250 4
187 0 none 0 4 6 1500 35
188 0 none 0 4 11 2750 28
188 0 none 0 4 1 250 4
189 0 none 0 2 12 3000 52
189 0 none 0 2 1 250 2
190 0 none 0 16 14 3500 83
190 0 none 0 23 1 250 23
191 0 none 0 11 9 2250 33
191 0 none 0 4 9 2250 52
192 0 none 0 21 2 500 33
192 0 none 0 2 4 1000 70
193 0 none 0 16 4 1000 33
193 0 none 0 4 1 250 4
194 0 none 0 11 16 4000 89
194 0 none 0 2 11 2750 28
195 0 none 0 14 7 1750 47
195 0 none 0 4 5 1250 58
196 0 none 0 10 8 2000 39
196 0 none 0 2 1 250 2
197 0 none 0 2 1 250 2
197 0 none 0 4 12 3000 88
198 0 none 0 2 7 1750 29
198 0 none 0 8 9 2250 64
199 0 none 0 21 2 500 26
199 0 none 0 2 3 750 19
200 0 none 0 16 4 1000 58
200 0 none 0 2 4 1000 16
201 0 none 0 11 2 500 21
201 0 none 0 2 16 4000 64
202 0 none 0 14 4 1000 26
202 0 none 0 21 1 250 21
203 0 none 0 23 3 750 41
203 0 none 0 23 4 1000 87
204 0 none 0 4 4 1000 18
204 0 none 0 5 14 3500 86
205 0 none 0 16 15 3750 87
205 0 none 0 23 3 750 40
206 0 none 0 16 3 750 21
206 0 none 0 2 1 250 2
207 0 none 0 14 4 1000 57
207 0 none 0 16 3 750 19
208 0 none 0 16 1 250 16
208 0 none 0 23 2 500 23
209 0 none 0 21 2 500 23
209 0 none 0 7 5 1250 35
210 0 none 0 14 1 250 14
210 0 none 0 21 2 500 35
211 0 none 0 14 7 1750 45
211 0 none 0 9 5 1250 19
212 0 none 0 11 2 500 14
212 0 none 0 13 3 750 16
213 0 none 0 11 1 250 11
213 0 none 0 23 1 250 23
214 0 none 0 11 5 1250 41
214 0 none 0 2 9 2250 36
215 0 none 0 2 1 250 2
215 0 none 0 4 1 250 4
216 0 none 0 16 7 1750 28
216 0 none 0 4 1 250 4
217 0 none 0 11 8 2000 46
217 0 none 0 11 8 2000 48
218 0 none 0 12 11 2750 23
218 0 none 0 2 1 250 2
219 0 none 0 21 1 250 21
219 0 none 0 9 9 2250 38
220 0 none 0 1 7 1750 57
220 0 none 0 4 6 1500 39
221 0 none 0 11 1 250 11
221 0 none 0 23 2 500 26
222 0 none 0 11 1 250 11
222 0 none 0 2 2 500 23
223 0 none 0 4 1 250 4
223 0 none 0 9 1 250 9
224 0 none 0 21 3 750 26
224 0 none 0 4 5 1250 58
225 0 none 0 14 1 250 14
225 0 none 0 2 3 750 21
226 0 none 0 2 2 500 14
226 0 none 0 4 2 500 4
227 0 none 0 10 5 1250 38
227 0 none 0 1 9 2250 51
228 0 none 0 12 9 2250 60
228 0 none 0 2 6 1500 22
229 0 none 0 2 10 2500 64
229 0 none 0 2 6 1500 47
230 0 none 0 14 4 1000 38
230 0 none 0 16 5 1250 27
231 0 none 0 14 1 250 14
231 0 none 0 2 4 1000 35
232 0 none 0 2 1 250 2
232 0 none 0 3 16 4000 74
233 0 none 0 21 3 750 38
233 0 none 0 2 4 1000 16
234 0 none 0 12 12 3000 58
234 0 none 0 4 1 250 4
235 0 none 0 15 5 1250 33
235 0 none 0 2 16 4000 81
236 0 none 0 11 1 250 11
236 0 none 0 4 5 1250 58
237 0 none 0 23 2 500 28
237 0 none 0 2 4 1000 16
238 0 none 0 16 1 250 16
238 0 none 0 9 2 500 11
239 0 none 0 1 24 6000 77
239 0 none 0 2 4 1000 16
240 0 none 0 11 7 1750 29
240 0 none 0 14 2 500 35
241 0 none 0 1 14 3500 58
241 0 none 0 14 1 250 14
242 0 none 0 14 3 750 33
242 0 none 0 7 12 3000 86
243 0 none 0 2 1 250 2
243 0 none 0 21 7 1750 38
244 0 none 0 11 2 500 25
244 0 none 0 14 3 750 83
245 0 none 0 14 7 1750 35
245 0 none 0 21 3 750 35
246 0 none 0 21 2 500 23
246 0 none 0 72 1 250 72
247 0 none 0 11 3 750 37
247 0 none 0 16 3 750 35
248 0 none 0 23 15 3750 57
248 0 none 0 2 5 1250 37
249 0 none 0 16 1 250 16
249 0 none 0 2 15 3750 64
250 0 none 0 16 3 750 34
250 0 none 0 2 6 1500 75
251 0 none 0 4 4 1000 46
251 0 none 0 7 14 3500 48
252 0 none 0 14 2 500 14
252 0 none 0 4 5 1250 46
253 0 none 0 14 3 750 52
253 0 none 0 2 3 750 22
254 0 none 0 10 4 1000 16
254 0 none 0 2 3 750 24
255 0 none 0 0 8 2000 59
255 0 none 0 11 8 2000 72
256 0 none 0 11 2 500 24
256 0 none 0 21 3 750 64
257 0 none 0 2 1 250 2
257 0 none 0 3 6 1500 21
258 0 none 0 23 8 2000 64
258 0 none 0 2 4 1000 14
259 0 none 0 11 10 2500 35
259 0 none 0 2 4 1000 43
260 0 none 0 16 10 2500 89
260 0 none 0 21 3 750 38
261 0 none 0 11 9 2250 38
261 0 none 0 23 1 250 23
262 0 none 0 11 3 750 23
262 0 none 0 14 1 250 14
263 0 none 0 11 6 1500 28
263 0 none 0 16 1 250 16
264 0 none 0 21 1 250 21
264 0 none 0 40 1 250 40
265 0 none 0 11 2 500 11
265 0 none 0 2 7 1750 77
266 0 none 0 11 1 250 11
266 0 none 0 14 3 750 28
267 0 none 0 11 2 500 16
267 0 none 0 14 2 500 16
268 0 none 0 21 3 750 70
268 0 none 0 4 2 500 46
269 0 none 0 11 6 1500 58
269 0 none 0 4 1 250 4
270 0 none 0 16 8 2000 28
270 0 none 0 23 5 1250 58
271 0 none 0 14 3 750 26
271 0 none 0 2 5 1250 16
272 0 none 0 16 3 750 50
272 0 none 0 4 5 1250 34
273 0 none 0 11 2 500 11
273 0 none 0 14 4 1000 64
274 0 none 0 14 2 500 14
274 0 none 0 4 2 500 14
275 0 none 0 21 2 500 25
275 0 none 0 9 2 500 26
276 0 none 0 14 18 4500 78
276 0 none 0 5 6 1500 28
277 0 none 0 23 1 250 23
277 0 none 0 9 2 500 52
278 0 none 0 14 16 4000 98
278 0 none 0 14 6 1500 34
279 0 none 0 2 4 1000 26
279 0 none 0 9 3 750 34
280 0 none 0 11 3 750 76
280 0 none 0 23 1 250 23
281 0 none 0 23 1 250 23
281 0 none 0 4 1 250 4
282 0 none 0 11 5 1250 35
282 0 none 0 23 12 3000 86
283 0 none 0 23 7 1750 88
283 0 none 0 25 6 1500 50
284 0 none 0 4 5 1250 74
284 0 none 0 9 9 2250 54
285 0 none 0 21 6 1500 86
285 0 none 0 9 9 2250 45
286 0 none 0 2 1 250 2
286 0 none 0 2 2 500 14
287 0 none 0 1 12 3000 35
287 0 none 0 2 9 2250 74
288 0 none 0 12 15 3750 71
288 0 none 0 2 1 250 2
289 0 none 0 11 3 750 14
289 0 none 0 4 11 2750 61
290 0 none 0 11 2 500 52
290 0 none 0 14 3 750 41
291 0 none 0 16 2 500 26
291 0 none 0 16 5 1250 60
292 0 none 0 14 2 500 14
292 0 none 0 4 7 1750 58
293 0 none 0 11 1 250 11
293 0 none 0 4 6 1500 52
294 0 none 0 18 8 2000 95
294 0 none 0 3 5 1250 26
295 0 none 0 11 1 250 11
295 0 none 0 9 2 500 52
296 0 none 0 2 11 2750 26
296 0 none 0 3 2 500 23
297 0 none 0 14 5 1250 50
297 0 none 0 16 1 250 16
298 0 none 0 14 4 1000 30
298 0 none 0 2 2 500 4
299 0 none 0 4 1 250 4
299 0 none 0 4 2 500 4
300 0 none 0 2 6 1500 26
300 0 none 0 4 1 250 4
301 0 none 0 21 1 250 21
301 0 none 0 2 3 750 11
302 0 none 0 4 5 1250 58
302 0 none 0 9 1 250 9
303 0 none 0 2 1 250 2
303 0 none 0 23 14 3500 93
304 0 none 0 11 2 500 11
304 0 none 0 2 2 500 4
305 0 none 0 16 1 250 16
305 0 none 0 16 6 1500 81
306 0 none 0 14 7 1750 26
306 0 none 0 14 8 2000 50
307 0 none 0 8 9 2250 58
307 0 none 0 9 3 750 14
308 0 none 0 3 5 1250 38
308 0 none 0 7 2 500 16
309 0 none 0 4 1 250 4
309 0 none 0 4 2 500 59
310 0 none 0 4 1 250 4
310 0 none 0 4 4 1000 26
311 0 none 0 14 7 1750 73
311 0 none 0 4 1 250 4
312 0 none 0 11 3 750 23
312 0 none 0 2 3 750 35
313 0 none 0 12 11 2750 39
313 0 none 0 14 3 750 79
314 0 none 0 11 2 500 70
314 0 none 0 2 4 1000 11
315 0 none 0 14 5 1250 64
315 0 none 0 21 16 4000 64
316 0 none 0 11 6 1500 27
316 0 none 0 2 1 250 2
317 0 none 0 16 1 250 16
317 0 none 0 4 3 750 24
318 0 none 0 4 2 500 41
318 0 none 0 8 10 2500 63
319 0 none 0 21 1 250 21
319 0 none 0 2 2 500 4
320 0 none 0 11 5 1250 38
320 0 none 0 14 3 750 35
321 0 none 0 16 7 1750 38
321 0 none 0 2 5 1250 26
322 0 none 0 14 2 500 14
322 0 none 0 14 8 2000 26
323 0 none 0 2 3 750 52
323 0 none 0 4 11 2750 78
324 0 none 0 23 1 250 23
324 0 none 0 4 9 2250 28
325 0 none 0 16 1 250 16
325 0 none 0 2 5 1250 16
326 0 none 0 14 1 250 14
326 0 none 0 4 2 500 4
327 0 none 0 11 1 250 11
327 0 none 0 2 2 500 2
328 0 none 0 11 6 1500 71
328 0 none 0 4 2 500 13
329 0 none 0 2 12 3000 98
329 0 none 0 2 2 500 11
330 0 none 0 16 3 750 46
330 0 none 0 23 3 750 89
331 0 none 0 16 1 250 16
331 0 none 0 4 7 1750 52
332 0 none 0 14 3 750 21
332 0 none 0 23 5 1250 33
333 0 none 0 4 1 250 4
333 0 none 0 5 11 2750 75
334 0 none 0 23 1 250 23
334 0 none 0 23 2 500 28
335 0 none 0 11 4 1000 28
335 0 none 0 4 7 1750 58
336 0 none 0 14 4 1000 26
336 0 none 0 4 3 750 16
337 0 none 0 4 1 250 4
337 0 none 0 9 9 2250 16
338 0 none 0 16 4 1000 23
338 0 none 0 23 4 1000 52
339 0 none 0 2 11 2750 46
339 0 none 0 2 3 750 14
340 0 none 0 11 5 1250 18
340 0 none 0 4 4 1000 4
341 0 none 0 13 8 2000 26
341 0 none 0 2 1 250 2
342 0 none 0 2 44 11000 98
342 0 none 0 4 5 1250 28
343 0 none 0 11 2 500 26
343 0 none 0 4 2 500 4
344 0 none 0 16 2 500 16
344 0 none 0 21 1 250 21
345 0 none 0 1 13 3250 47
345 0 none 0 16 1 250 16
346 0 none 0 1 14 3500 95
346 0 none 0 21 6 1500 48
347 0 none 0 11 5 1250 35
347 0 none 0 4 1 250 4
348 0 none 0 23 1 250 23
348 0 none 0 4 3 750 71
349 0 none 0 11 1 250 11
349 0 none 0 4 3 750 34
350 0 none 0 11 4 1000 59
350 0 none 0 4 7 1750 25
351 0 none 0 16 1 250 16
351 0 none 0 4 3 750 28
352 0 none 0 16 3 750 86
352 0 none 0 4 2 500 30
353 0 none 0 23 3 750 48
353 0 none 0 23 3 750 62
354 0 none 0 16 4 1000 28
354 0 none 0 39 1 250 39
355 0 none 0 21 2 500 52
355 0 none 0 4 6 1500 30
356 0 none 0 11 22 5500 98
356 0 none 0 11 4 1000 74
